0    35.0
1    32.0
2    30.0
3    31.0
4    44.0
5    29.0
6    45.0
7    43.0
8    38.0
9    27.0
10    38.0
11    33.0
12    55.0
13    47.0
14    45.0
15    37.0
16    50.0
17    43.0
18    41.0
19    52.0
20    34.0
21    53.0
22    39.0
23    32.0
24    37.0
25    43.0
26    39.0
27    35.0
28    44.0
29    38.0
30    24.0
31    23.0
32    31.0
33    44.0
34    38.0
35    50.0
36    38.0
37    51.0
38    31.0
39    31.0
40    51.0
41    36.0
42    45.0
43    51.0
44    34.0
45    52.0
46    47.0
47    45.0
48    46.0
49    39.0
50    48.0
51    37.0
52    35.0
53    52.0
54    42.0
55    45.0
56    39.0
57    37.0
58    30.0
59    35.0
60    28.0
61    45.0
62    34.0
63    36.0
64    50.0
65    44.0
66    39.0
67    32.0
68    39.0
69    45.0
70    43.0
71    39.0
72    31.0
73    27.0
74    30.0
75    42.0
76    46.0
77    41.0
78    36.0
79    45.0
80    46.0
81    43.0
82    38.0
83    34.0
84    35.0
85    56.0
86    36.0
87    32.0
88    50.0
89    41.0
90    39.0
91    41.0
92    47.0
93    34.0
94    36.0
95    33.0
96    35.0
97    38.0
98    38.0
99    34.0
100    53.0
101    34.0
102    34.0
103    38.0
104    35.0
105    32.0
106    42.0
107    34.0
108    46.0
109    30.0
110    46.0
111    45.0
112    54.0
113    34.0
114    37.0
115    35.0
116    40.0
117    42.0
118    58.0
119    51.0
120    32.0
121    35.0
122    38.0
123    33.0
124    39.0
125    47.0
126    38.0
127    52.0
128    30.0
129    34.0
130    40.0
131    35.0
132    42.0
133    41.0
134    42.0
135    38.0
136    24.0
137    34.0
138    43.0
139    36.0
140    55.0
141    41.0
142    45.0
143    41.0
144    37.0
145    43.0
146    39.0
147    33.0
148    43.0
149    40.0
150    38.0
151    45.0
152    46.0
153    34.0
154    35.0
155    48.0
156    51.0
157    36.0
158    33.0
159    46.0
160    42.0
161    48.0
162    34.0
163    41.0
164    35.0
165    40.0
166    34.0
167    30.0
168    36.0
169    40.0
170    39.0
171    45.0
172    38.0
173    47.0
174    33.0
175    30.0
176    42.0
177    43.0
178    41.0
179    41.0
180    59.0
181    43.0
182    45.0
183    38.0
184    37.0
185    45.0
186    42.0
187    57.0
188    46.0
189    51.0
190    41.0
191    47.0
192    26.0
193    35.0
194    44.0
195    41.0
196    42.0
197    36.0
198    45.0
199    45.0
200    45.0
201    47.0
202    38.0
203    42.0
204    35.0
205    36.0
206    39.0
207    45.0
208    43.0
209    47.0
210    36.0
211    41.0
212    50.0
213    39.0
214    41.0
215    46.0
216    64.0
217    45.0
218    34.0
219    38.0
220    44.0
221    48.0
222    46.0
223    44.0
224    37.0
225    39.0
226    44.0
227    45.0
228    33.0
229    44.0
230    38.0
231    46.0
232    46.0
233    40.0
234    39.0
235    44.0
236    48.0
237    50.0
238    41.0
239    42.0
240    51.0
241    41.0
242    44.0
243    38.0
244    68.0
245    40.0
246    42.0
247    51.0
248    44.0
249    45.0
250    36.0
251    57.0
252    44.0
253    42.0
254    53.0
255    42.0
256    34.0
257    40.0
258    56.0
259    44.0
260    53.0
261    55.0
262    39.0
263    59.0
264    55.0
265    73.0
266    55.0
267    44.0
268    43.0
269    40.0
270    47.0
271    51.0
272    56.0
273    49.0
274    54.0
275    56.0
276    47.0
277    44.0
278    43.0
279    42.0
280    45.0
281    50.0
282    48.0
283    43.0
284    40.0
285    59.0
286    41.0
287    42.0
288    51.0
289    49.0
290    45.0
291    43.0
292    42.0
293    38.0
294    47.0
295    38.0
296    36.0
297    42.0
298    35.0
299    28.0
300    44.0
301    36.0
302    45.0
303    46.0
304    48.0
305    49.0
306    43.0
307    42.0
308    59.0
309    45.0
310    52.0
311    46.0
312    42.0
313    40.0
314    40.0
315    45.0
316    35.0
317    35.0
318    40.0
319    39.0
320    33.0
321    42.0
322    47.0
323    51.0
324    44.0
325    40.0
326    57.0
327    49.0
328    45.0
329    49.0
330    51.0
331    46.0
332    44.0
333    52.0
334    45.0
335    32.0
336    46.0
337    41.0
338    34.0
339    33.0
340    36.0
341    49.0
342    43.0
343    43.0
344    34.0
345    39.0
346    35.0
347    52.0
348    47.0
349    52.0
350    39.0
351    40.0
352    42.0
353    42.0
354    53.0
355    39.0
356    40.0
357    38.0
358    44.0
359    34.0
360    37.0
361    52.0
362    48.0
363    55.0
364    50.0