[3.2988523558908702, 30.47377189316599, 54.53854663356957, 79.76108486128611, 64.7946303233179, 196.26644118070698, 338.5021314480526, 308.0372411335569, 116.90984074025693, 236.40560960070752, 377.2526849390681, 284.43728130266925, 451.0914114175702, 710.2522191721911, 650.4211490012368, 134.87789325175822, 258.2044865477602, 702.376919402558, 787.4695713994101, 512.6724605803507, 1144.715486048436, 796.9220022186391, 274.33041609721255, 77.32009757648606, 817.309604221531, 1694.2934167122091, 212.0210736067772, 1791.2184707325941, 557.3503074428991, 718.633834753056]
72 479.4052978864975
[10.400372833826655, 69.15609044756064, 75.66244287522676, 40.53845070664971, 108.07362012842137, 87.50166558087211, 18.37130277572525, 366.6527731870517, 523.7395412858112, 101.37441732543418, 239.43377049401846, 619.0402953283465, 554.7957548280204, 434.88571671332863, 122.36206184823399]
144 224.79921842390186
[13.435140501876756, 16.255203450164167, 91.09924574045807, 121.04908935779544, 40.86326304536917, 97.35507961110376, 28.58345927224805, 102.1936091716006, 384.5244308335888, 427.97460256479457]
216 132.33331235489993
[15.198122593093652, 33.252245967357375, 51.47066703727345, 121.14281286077237, 119.06767188905201, 113.16550672115427, 368.1479166028835]
288 117.34927766736952
[15.51702734623531, 33.792898246737906, 48.64884953279705, 48.79428185621868, 55.28986076168581, 388.7149307661968]
360 98.45964141831193
[15.121242595091235, 58.154854388546674, 96.30863473822271, 41.55092719136715, 388.7016249727703]
432 119.96745677719962
[15.558059520982896, 62.808109226965875, 65.83103200891786, 175.8933328138907]
504 80.02263339268933
[15.2046800494054, 70.79768829274457, 18.199145310684738]
576 34.73383788427824
[15.784117740376537, 80.87519589154932, 79.79600728933521]
648 58.81844030708703
[15.493691205544673, 64.09481036858546, 205.69435881459563]
720 95.09428679624193
[16.512566986016523, 57.06997014645274]
792 36.791268566234635
[16.35337091451034, 37.42328379175686]
864 26.888327353133597
[16.184873810029398, 22.285823906633215]
936 19.235348858331307
[16.3505715039445, 34.46649337954155]
1008 25.408532441743024
lista sredniach F [479.4052978864975, 224.79921842390186, 132.33331235489993, 117.34927766736952, 98.45964141831193, 119.96745677719962, 80.02263339268933, 34.73383788427824, 58.81844030708703, 95.09428679624193, 36.791268566234635, 26.888327353133597, 19.235348858331307, 25.408532441743024]
alfa =  -1.0852027668770532
