[21955.840876460526, 3531.6676196185717, 1546.115871964431, 3270.6118053433315, 3463.990048778875, 58553.21369571152, 99987.62923470952, 84534.84524350132, 5626.2542909688045, 36786.922038543504, 3091.772537041822, 20762.193239808148, 43454.954878845536, 16501.762206548618, 52660.21870181005, 12822.675403740326, 47252.2394454973, 35934.12593157084, 8240.282134431536, 45136.891388743716, 259.4072691094472, 67479.58850043612, 158443.73402267354, 49032.54905167375, 80719.19027763788, 76715.78167187226, 30216.754160756893, 67360.32201977634, 2763.439262908802, 67443.57147759042]
22 40184.95147693579
[14501.299575549274, 8174.8231312957805, 29427.941639599576, 97044.51822049468, 7994.315007691671, 19234.55146643598, 24124.650929687214, 20138.981321350886, 41446.65445588717, 19251.891295008896, 33004.83597542145, 120538.2832567942, 72281.86829442708, 44062.50650929152, 27416.295448172932]
44 38576.22776847389
[7012.431980219915, 17340.549073947514, 76580.09083671083, 6772.753307172942, 9302.446920192788, 29925.241497056995, 15953.86861855539, 118306.49042310743, 53537.74124166322, 4078.4207500237685]
66 33881.003464865076
[1271.8492531515508, 59666.60753359078, 8422.32508219828, 550.0782320706597, 17904.30224943914, 91565.08342622925, 24038.303505417447]
88 29059.7927545853
[1242.629148815147, 58063.51845167077, 10815.042370810896, 20564.454670283885, 88471.68413552582, 3740.04233257919]
110 30482.895184947618
[5555.410563953151, 32885.30626474069, 12049.548545560745, 56079.17813964968, 8859.280748119543]
132 23085.74485240476
[11950.458382614195, 7419.539523333088, 15644.997602644331, 63487.839845862756]
154 24625.708838613595
[20352.36419376606, 879.8370903733625, 28237.372226968415]
176 16489.857837035946
[26007.803573088266, 3640.685758389973, 63097.93955913339]
198 30915.476296870544
[27677.40206132975, 7706.705776471695, 46823.40514435603]
220 27402.50432738582
[28658.749604097866, 7776.694532053804]
242 18217.722068075836
[27310.37497614759, 5821.77868511626]
264 16566.076830631922
[25619.40089663132, 20093.892396789943]
286 22856.64664671063
[23397.53567484112, 29691.795784386657]
308 26544.665729613887
lista sredniach F [40184.95147693579, 38576.22776847389, 33881.003464865076, 29059.7927545853, 30482.895184947618, 23085.74485240476, 24625.708838613595, 16489.857837035946, 30915.476296870544, 27402.50432738582, 18217.722068075836, 16566.076830631922, 22856.64664671063, 26544.665729613887]
alfa =  -0.2726511070252328
