0	0.0
1	8.874811463046854
2	-51.25037707390629
3	-30.37556561085944
4	-9.500754147812586
5	-173.62594268476573
6	0.2488687782811212
7	30.123680241327975
8	-15.001508295625172
9	47.87330316742168
10	191.74811463046854
11	167.6229260935154
12	190.49773755656224
13	175.3725490196091
14	254.24736048265595
15	248.1221719457028
16	315.99698340874966
17	426.8717948717965
18	577.7466063348434
19	661.6214177978902
20	630.4962292609371
21	637.3710407239839
22	721.2458521870308
23	656.1206636500776
24	527.9954751131245
25	773.8702865761713
26	821.7450980392182
27	821.619909502265
28	756.4947209653119
29	797.3695324283588
30	782.2443438914056
31	668.1191553544525
32	676.9939668174993
33	562.8687782805462
34	511.743589743593
35	662.6184012066399
36	671.4932126696867
37	653.3680241327336
38	660.2428355957804
39	861.1176470588273
40	944.9924585218741
41	899.867269984921
42	854.7420814479678
43	789.6168929110147
44	668.4917043740616
45	686.3665158371084
46	686.2413273001553
47	788.1161387632021
48	794.990950226249
49	693.8657616892958
50	599.7405731523427
51	469.61538461538953
52	510.4901960784364
53	488.36500754148324
54	590.2398190045301
55	739.114630467577
56	768.9894419306238
57	663.8642533936707
58	618.7390648567175
59	720.6138763197644
60	844.4886877828112
61	865.3634992458581
62	721.2383107089049
63	656.1131221719518
64	671.9879336349986
65	647.8627450980455
66	526.7375565610923
67	373.6123680241392
68	394.48717948718604
69	516.3619909502329
70	379.23680241327975
71	478.1116138763266
72	430.98642533937345
73	286.8612368024203
74	142.73604826546716
75	59.610859728514015
76	134.48567119156087
77	170.36048265460772
78	238.23529411765458
79	270.11010558070143
80	263.9849170437483
81	392.85972850679514
82	450.734539969842
83	378.60935143288884
84	306.4841628959357
85	347.35897435898255
86	320.2337858220294
87	350.10859728507626
88	232.9834087481231
89	160.85822021116996
90	190.73303167421682
91	251.60784313726367
92	125.48265460031052
93	197.35746606335738
94	119.23227752640423
95	97.10708898945109
96	6.981900452497939
97	74.85671191554479
98	284.73152337859165
99	320.6063348416385
100	255.48114630468535
101	204.3559577677322
102	175.23076923077906
103	124.10558069382591
104	72.98039215687277
105	77.85520361991962
106	82.73001508296647
107	85.60482654601333
108	88.47963800906018
109	91.35444947210704
110	127.22926093515389
111	76.10407239820074
112	-29.021116138752404
113	-134.14630467570555
114	-280.2714932126587
115	-276.39668174961184
116	-327.521870286565
117	-441.64705882351814
118	-587.7722473604713
119	-746.8974358974244
120	-803.0226244343776
121	-836.1478129713307
122	-869.2730015082839
123	-970.398190045237
124	-1078.5233785821902
125	-1188.6485671191433
126	-1251.7737556560965
127	-1273.8989441930496
128	-1364.0241327300027
129	-1445.149321266956
130	-1478.274509803909
131	-1363.3996983408622
132	-1387.5248868778153
133	-1425.6500754147685
134	-1476.7752639517216
135	-1527.9004524886748
136	-1519.025641025628
137	-1667.150829562581
138	-1824.2760180995342
139	-1977.4012066364874
140	-2112.5263951734405
141	-2253.6515837103934
142	-2430.7767722473463
143	-2607.9019607842993
144	-2776.027149321252
145	-2931.152337858205
146	-3036.277526395158
147	-3087.402714932111
148	-3253.527903469064
149	-3430.653092006017
150	-3607.7782805429697
151	-3690.9034690799226
152	-3817.0286576168755
153	-3936.1538461538285
154	-4095.2790346907814
155	-4214.404223227734
156	-4367.529411764687
157	-4533.65460030164
158	-4591.779788838593
159	-4759.904977375546
160	-4937.030165912499
161	-5128.155354449452
162	-5287.280542986405
163	-5469.405731523358
164	-5628.530920060311
165	-5754.6561085972635
166	-5828.781297134216
167	-5866.906485671169
168	-5905.031674208122
169	-5992.156862745075
170	-5989.282051282028
171	-6009.407239818981
172	-6083.532428355934
173	-6188.657616892887
174	-6302.78280542984
175	-6376.907993966793
176	-6559.033182503746
177	-6680.1583710406985
178	-6799.283559577651
179	-6913.408748114604
180	-6996.533936651557
181	-7155.65912518851
182	-7269.784313725463
183	-7415.909502262416
184	-7436.034690799369
185	-7406.159879336322
186	-7457.285067873275
187	-7463.410256410228
188	-7145.535444947181
189	-7196.6606334841335
190	-7207.7858220210865
191	-7258.911010558039
192	-7148.036199094992
193	-6983.161387631945
194	-6958.286576168898
195	-6937.411764705851
196	-6912.536953242804
197	-6972.662141779757
198	-6929.78733031671
199	-6931.912518853663
200	-6920.037707390616
201	-6926.162895927569
202	-6946.2880844645215
203	-6925.413273001474
204	-6911.538461538427
205	-6944.66365007538
206	-6928.788838612333
207	-6988.914027149286
208	-7058.039215686239
209	-7123.164404223192
210	-7228.289592760145
211	-7266.414781297098
212	-7322.539969834051
213	-7360.665158371004
214	-7461.7903469079565
215	-7533.915535444909
216	-7572.040723981862
217	-7677.165912518815
218	-7722.291101055768
219	-7836.416289592721
220	-7910.541478129674
221	-8006.666666666627
222	-8143.79185520358
223	-8194.917043740534
224	-8251.042232277487
225	-8289.16742081444
226	-8322.292609351392
227	-8373.417797888345
228	-8325.542986425298
229	-8358.668174962251
230	-8344.793363499204
231	-8341.918552036157
232	-8348.04374057311
233	-8370.168929110063
234	-8410.294117647016
235	-8371.419306183969
236	-8328.544494720922
237	-8323.669683257875
238	-8217.794871794827
239	-8178.92006033178
240	-8131.045248868733
241	-7948.170437405686
242	-7684.295625942639
243	-7483.420814479592
244	-7341.546003016545
245	-7278.671191553498
246	-7194.796380090451
247	-7176.921568627404
248	-7201.046757164357
249	-7203.17194570131
250	-7272.2971342382625
251	-7312.422322775215
252	-7363.547511312168
253	-7405.672699849121
254	-7481.797888386074
255	-7564.923076923027
256	-7585.04826545998
257	-7393.173453996933
258	-7582.298642533886
259	-7771.423831070839
260	-7782.549019607792
261	-7797.674208144745
262	-7808.7993966816975
263	-7805.9245852186505
264	-7837.049773755603
265	-7828.174962292556
266	-7819.300150829509
267	-7834.425339366462
268	-7872.550527903415
269	-7865.675716440368
270	-7824.800904977321
271	-7712.926093514274
272	-7672.051282051227
273	-7669.17647058818
274	-7720.301659125133
275	-7659.4268476620855
276	-7677.552036199038
277	-7530.677224735991
278	-7370.802413272944
279	-7268.927601809897
280	-7212.05279034685
281	-7050.177978883803
282	-6948.303167420756
283	-6941.428355957709
284	-6988.553544494662
285	-7036.678733031615
286	-7081.803921568568
287	-7108.9291101055205
288	-7136.054298642473
289	-7187.179487179426
290	-7229.304675716379
291	-7118.429864253332
292	-7005.555052790285
293	-7029.680241327238
294	-6981.805429864191
295	-6924.930618401144
296	-6868.055806938097
297	-6897.18099547505
298	-6957.306184012003
299	-6855.431372548956
300	-6909.5565610859085
301	-6859.681749622861
302	-6886.806938159814
303	-6870.932126696767
304	-6808.05731523372
305	-6803.182503770673
306	-6805.307692307626
307	-6827.432880844579
308	-6687.558069381532
309	-6660.683257918485
310	-6637.808446455438
311	-6704.933634992391
312	-6720.0588235293435
313	-6704.184012066296
314	-6697.309200603249
315	-6690.434389140202
316	-6683.559577677155
317	-6671.684766214108
318	-6725.809954751061
319	-6819.935143288014
320	-6901.060331824967
321	-7005.18552036192
322	-7205.310708898873
323	-7254.435897435826
324	-7386.5610859727785
325	-7469.686274509731
326	-7550.811463046684
327	-7626.936651583637
328	-7699.06184012059
329	-7766.187028657543
330	-7718.312217194496
331	-7670.437405731449
332	-7667.562594268402
333	-7727.687782805355
334	-7747.812971342308
335	-7744.938159879261
336	-7657.063348416214
337	-7589.1885369531665
338	-7449.313725490119
339	-7300.438914027072
340	-7266.564102564025
341	-7108.689291100978
342	-7213.814479637931
343	-7177.939668174884
344	-7272.064856711837
345	-7251.19004524879
346	-7356.315233785743
347	-7524.440422322696
348	-7600.565610859649
349	-7559.6907993966015
350	-7556.815987933554
351	-7562.941176470507
352	-7518.06636500746
353	-7515.191553544413
354	-7566.316742081366
355	-7570.441930618319
356	-7621.567119155272
357	-7675.692307692225
358	-7670.817496229178
359	-7710.942684766131
360	-7924.067873303084
361	-7991.1930618400365
362	-8058.318250376989
363	-8109.443438913942
364	-8111.568627450895
365	-8009.693815987848
366	-8006.819004524801
367	-8111.944193061754
368	-8217.069381598707
369	-8322.19457013566
370	-8400.319758672613
371	-8424.444947209566
372	-8435.570135746519
373	-8437.695324283472
374	-8486.820512820424
375	-8580.945701357377
376	-8684.07088989433
377	-8762.196078431283
378	-8768.321266968236
379	-8842.446455505189
380	-8889.571644042142
381	-8817.696832579095
382	-8769.822021116048
383	-8820.947209653
384	-8762.072398189954
385	-8791.197586726907
386	-8779.32277526386
387	-8776.447963800812
388	-8899.573152337765
389	-8950.698340874718
390	-8961.823529411671
391	-9102.948717948624
392	-9217.073906485577
393	-9322.19909502253
394	-9427.324283559483
395	-9595.449472096436
396	-9664.574660633389
397	-9643.699849170342
398	-9541.825037707295
399	-9365.950226244247
400	-9305.0754147812
401	-9311.200603318153
402	-9398.325791855106
403	-9546.45098039206
404	-9606.576168929012
405	-9626.701357465965
406	-9632.826546002918
407	-9521.95173453987
408	-9528.076923076824
409	-9528.202111613777
410	-9588.32730015073
411	-9594.452488687682
412	-9623.577677224635
413	-9641.702865761588
414	-9701.828054298541
415	-9599.953242835494
416	-9611.078431372447
417	-9651.2036199094
418	-9689.328808446353
419	-9664.453996983306
420	-9639.579185520259
421	-9591.704374057212
422	-9550.829562594165
423	-9498.954751131118
424	-9296.07993966807
425	-9170.205128205023
426	-9091.330316741976
427	-8929.45550527893
428	-8929.580693815882
429	-8926.705882352835
430	-8923.831070889788
431	-8889.95625942674
432	-8856.081447963694
433	-8853.206636500647
434	-8868.3318250376
435	-8886.457013574553
436	-8883.582202111505
437	-8865.707390648458
438	-8943.832579185411
439	-8891.957767722364
440	-8966.082956259317
441	-9004.20814479627
442	-8860.333333333223
443	-8830.458521870176
444	-8850.583710407129
445	-8901.708898944082
446	-8745.834087481035
447	-8790.959276017988
448	-8680.08446455494
449	-8709.209653091893
450	-8738.334841628846
451	-8767.4600301658
452	-8834.585218702752
453	-8786.710407239705
454	-8849.835595776658
455	-8896.960784313611
456	-8942.085972850564
457	-8944.211161387517
458	-8881.33634992447
459	-8860.461538461423
460	-8864.586726998376
461	-8821.711915535328
462	-8780.837104072281
463	-8746.962292609234
464	-8652.087481146187
465	-8557.21266968314
466	-8478.337858220093
467	-8437.463046757046
468	-8394.588235293999
469	-8387.713423830952
470	-8326.838612367905
471	-8256.963800904858
472	-8194.08898944181
473	-8133.2141779787635
474	-8117.339366515716
475	-8130.464555052669
476	-8157.589743589622
477	-8168.714932126575
478	-8062.840120663528
479	-7753.965309200481
480	-7603.090497737434
481	-7474.215686274387
482	-7345.34087481134
483	-7315.466063348293
484	-7193.591251885246
485	-7028.7164404221985
486	-6843.841628959151
487	-6721.966817496104
488	-6625.092006033057
489	-6528.21719457001
490	-6465.342383106963
491	-6348.467571643916
492	-6150.592760180869
493	-5952.717948717822
494	-5810.843137254775
495	-5663.968325791728
496	-5526.093514328681
497	-5415.2187028656335
498	-5309.343891402586
499	-5036.469079939539
500	-4916.594268476492
501	-4801.719457013445
502	-4614.844645550398
503	-4449.969834087351
504	-4333.095022624304
505	-4162.220211161257
506	-3959.34539969821
507	-3830.4705882351627
508	-3661.5957767721156
509	-3541.7209653090686
510	-3426.8461538460215
511	-3462.9713423829744
512	-3404.0965309199273
513	-3260.2217194568802
514	-3203.346907993833
515	-3128.472096530786
516	-3071.597285067739
517	-3066.722473604692
518	-3032.847662141645
519	-2935.9728506785978
520	-2879.0980392155507
521	-2876.2232277525036
522	-2945.3484162894565
523	-2942.4736048264094
524	-3009.5987933633623
525	-3029.7239819003153
526	-2968.849170437268
527	-2959.974358974221
528	-2831.099547511174
529	-2720.224736048127
530	-2659.34992458508
531	-2587.475113122033
532	-2551.6003016589857
533	-2479.7254901959386
534	-2434.8506787328915
535	-2335.9758672698445
536	-2232.1010558067974
537	-2121.2262443437503
538	-1970.3514328807034
539	-1945.4766214176566
540	-1911.6018099546097
541	-1879.7269984915629
542	-1847.852187028516
543	-1664.9773755654692
544	-1606.1025641024223
545	-1518.2277526393755
546	-1515.3529411763286
547	-1481.4781297132818
548	-1487.603318250235
549	-1444.728506787188
550	-1333.8536953241412
551	-1315.9788838610943
552	-1268.1040723980475
553	-1175.2292609350006
554	-1071.3544494719538
555	-978.4796380089069
556	-874.6048265458601
557	-865.7300150828132
558	-887.8552036197664
559	-871.9803921567195
560	-932.1055806936727
561	-907.2307692306258
562	-803.355957767579
563	-663.4811463045321
564	-510.60633484148525
565	-372.7315233784384
566	-297.85671191539154
567	-213.9819004523447
568	-178.10708898929784
569	-119.23227752625098
570	-17.35746606320413
571	90.51734539984272
572	153.39215686288958
573	221.26696832593643
574	282.1417797889833
575	343.01659125203014
576	401.891402715077
577	404.76621417812385
578	353.6410256411707
579	302.51583710421755
580	143.3906485672644
581	-38.73453996968874
582	-139.8597285066419
583	-231.98491704359503
584	-270.1101055805482
585	-128.23529411750133
586	-125.36048265445447
587	-107.48567119140762
588	-59.610859728360765
589	-11.736048265313912
590	-49.86123680226706
591	-87.9864253392202
592	-117.11161387617335
593	-146.2368024131265
594	-220.36199095007964
595	-262.4871794870328
596	-282.61236802398594
597	-212.73755656093908
598	-262.86274509789223
599	-366.9879336348454
600	-459.1131221717985
601	-549.2383107087517
602	-599.3634992457048
603	-704.488687782658
604	-814.6138763196111
605	-820.7390648565643
606	-826.8642533935174
607	-781.9894419304705
608	-827.1146304674237
609	-986.2398190043768
610	-1198.36500754133
611	-1204.4901960782831
612	-1210.6153846152363
613	-1207.7405731521894
614	-1204.8657616891426
615	-1172.9909502260957
616	-1062.1161387630489
617	-1014.241327300002
618	-1020.3665158369552
619	-999.4917043739083
620	-951.6168929108615
621	-957.7420814478146
622	-977.8672699847677
623	-1082.992458521721
624	-1134.117647058674
625	-1140.2428355956272
626	-1083.3680241325803
627	-1026.4932126695335
628	-1010.6184012064866
629	-998.7435897434398
630	-950.8687782803929
631	-986.9939668173461
632	-966.1191553542992
633	-1004.2443438912524
634	-974.3695324282055
635	-989.4947209651586
636	-984.6199095021118
637	-993.7450980390649
638	-986.8702865760181
639	-947.9954751129712
640	-900.1206636499244
641	-828.2458521868775
642	-810.3710407238307
643	-830.4962292607838
644	-877.621417797737
645	-868.7466063346901
646	-841.8717948716433
647	-847.9969834085964
648	-809.1221719455496
649	-703.2473604825027
650	-653.3725490194558
651	-538.497737556409
652	-403.62292609336214
653	-299.7481146303153
654	-287.87330316726843
655	-201.99849170422158
656	-116.12368024117472
657	-32.24886877812787
658	125.62594268491898
659	182.50075414796584
660	88.37556561101269
661	91.25037707405954
662	51.125188537106396
