0    0.00016109654632367912
1    0.0001623587069432278
2    0.0001636386128562889
3    0.00016493665547952157
4    0.0001662532377648814
5    0.00016758877461286849
6    0.0001689436933029612
7    0.00017031843394204777
8    0.00017171344993170494
9    0.0001731292084552234
10    0.00017456619098532315
11    0.00017602489381355517
12    0.00017750582860243726
13    0.00017900952296142999
14    0.00018053652104791737
15    0.0001820873841944208
16    0.00018366269156334318
17    0.0001852630408306088
18    0.00018688904889964356
19    0.000188541352647218
20    0.00019022060970276257
21    0.00019192749926285238
22    0.00019366272294265945
23    0.00019542700566626758
24    0.00019722109659785661
25    0.00019904577011587763
26    0.00020090182683246303
27    0.00020279009466044536
28    0.0002047114299304999
29    0.00020666671856107085
30    0.00020865687728390043
31    0.00021068285492814836
32    0.00021274563376626576
33    0.00021484623092497948
34    0.00021698569986494738
35    0.00021916513193285782
36    0.00022138565798998246
37    0.00022364845012143574
38    0.00022595472343065764
39    0.00022830573792392047
40    0.00023070280048995956
41    0.00023314726698014942
42    0.00023564054439499237
43    0.00023818409318305536
44    0.0002407794296588819
45    0.00024342812854683283
46    0.00024613182565825804
47    0.0002488922207098889
48    0.0002517110802918574
49    0.00025459024099431084
50    0.00025753161270218296
51    0.0002605371820683303
52    0.00026360901617592734
53    0.00026674926640176034
54    0.00026996017249285027
55    0.00027324406686969914
56    0.00027660337917037077
57    0.0002800406410506089
58    0.0002835584912562722
59    0.00028715968098550545
60    0.00029084707955931736
61    0.00029462368042057144
62    0.00029849260748283663
63    0.00030245712185211277
64    0.00030652062894612295
65    0.00031068668603768924
66    0.00031495901025067576
67    0.0003193414870391146
68    0.000323838179182433
69    0.000328453336332196
70    0.00033319140514849027
71    0.00033805704006699704
72    0.00034305511474099566
73    0.000348190734205983
74    0.00035346924781835067
75    0.00035889626302363384
76    0.00036447766001428063
77    0.0003702196073417102
78    0.0003761285785526755
79    0.0003822113699256689
80    0.00038847511938933777
81    0.00039492732671167485
82    0.0004015758750561705
83    0.00040842905400921396
84    0.0004154955841918867
85    0.00042278464357897597
86    0.0004303058956586341
87    0.00043806951957771204
88    0.0004460862424305201
89    0.0004543673738627105
90    0.00046292484317728746
91    0.00047177123914656394
92    0.0004809198527523579
93    0.0004903847230970509
94    0.0005001806867505046
95    0.0005103234308224798
96    0.0005208295500773786
97    0.0005317166084381218
98    0.0005430032052590926
99    0.0005547090467846774
100    0.0005668550232504422
101    0.0005794632921288037
102    0.0005925573680707613
103    0.0006061622201503476
104    0.000620304377079662
105    0.000635012041130327
106    0.0006503152115728488
107    0.0006662458185295552
108    0.0006828378682306235
109    0.0007001276007674009
110    0.0007181536615541129
111    0.0007369572878397427
112    0.0007565825117580951
113    0.0007770763815678903
114    0.0007984892029184485
115    0.0008208748021828128
116    0.0008442908141320039
117    0.0008687989964850253
118    0.0008944655741631965
119    0.0009213616164089773
120    0.0009495634503039786
121    0.000979153114644333
122    0.0010102188586111535
123    0.0010428556902174707
124    0.0010771659801302872
125    0.0011132601271680715
126    0.0011512572925728548
127    0.0011912862110668115
128    0.0012334860877429858
129    0.0012780075910287258
130    0.0013250139533219048
131    0.001374682192461573
132    0.0014272044689885896
133    0.001482789596215981
134    0.001541664722507895
135    0.0016040772079128649
136    0.0016702967204740673
137    0.001740617581220206
138    0.0018153613911135662
139    0.0018948799782009672
140    0.001979558709003725
141    0.002069820214943128
142    0.002166128592507181
143    0.0022689941451368386
144    0.0023789787457040817
145    0.0024967019112817975
146    0.002622847697043829
147    0.00275817253404078
148    0.0029035141568302877
149    0.0030598017921793356
150    0.003228067810132655
151    0.0034094610746761723
152    0.0036052622742746834
153    0.003816901564280239
154    0.004045978915515058
155    0.004294287638619987
156    0.004563841645007881
157    0.0048569071162026444
158    0.005176039388667524
159    0.005524126026843942
160    0.005904437260521409
161    0.006320685213357887
162    0.006777093659519516
163    0.007278480430588805
164    0.007830355075169217
165    0.008439034974959481
166    0.0091117838772521
167    0.009856977758959428
168    0.010684304149370868
169    0.011605002584488952
170    0.012632155846737332
171    0.013781044196065705
172    0.015069578104850784
173    0.016518829316975188
174    0.01815368569822579
175    0.02000366279331563
176    0.022103914893857473
177    0.02449650164223023
178    0.027231983999297753
179    0.030371447560837924
180    0.03398908424972454
181    0.03817550898993703
182    0.043042051404355304
183    0.048726351703551454
184    0.05539971640784078
185    0.06327687093422933
186    0.0726290091742936
187    0.083801426398107
188    0.09723759606175858
189    0.11351241669711883
190    0.13337867916117532
191    0.15783286222287868
192    0.18820961713099407
193    0.22631953894883478
194    0.274653424993492
195    0.33669066215351484
196    0.41737421193904684
197    0.5238584735016921
198    0.6667158783571302
199    0.8619372952371652
200    1.1343513371837342
201    1.5236743736114327
202    2.095645194999079
203    2.963468347137327
204    3.705156532161143
205    2.5708820977055336
206    1.8397111323645035
207    1.3513409116132349
208    1.0151558206369324
209    0.777656408648523
210    0.6060575755194181
211    0.47960892133418925
212    0.38480070023880675
213    0.31261522222206395
214    0.2568983672738805
215    0.21336622062361113
216    0.1789831531497439
217    0.15156324183366307
218    0.12950937211347482
219    0.11163915697395627
220    0.09706673737063166
221    0.08512123537797772
222    0.07528966773180396
223    0.06717644646713926
224    0.06047429632917347
225    0.05494314081460377
226    0.05039462440459755
227    0.04668067271541979
228    0.04368498257865498
229    0.04131666616984768
230    0.0395055014544695
231    0.03819840025828829
232    0.037356817937917675
233    0.03695491001502134
234    0.03697830144590555
235    0.03742338049564963
236    0.03829706654617263
237    0.039617033433447094
238    0.04141240023405762
239    0.043724932690367764
240    0.04661083366558604
241    0.05014324363577906
242    0.05441562669701786
243    0.0595462899279243
244    0.06568438274618085
245    0.073017860568652
246    0.08178409209795277
247    0.09228406980204265
248    0.1049015913832244
249    0.12012938278040731
250    0.13860503563413232
251    0.16116100293548252
252    0.18889501136944248
253    0.2232705659351467
254    0.26626251891276936
255    0.32057129709958176
256    0.38994371358375585
257    0.4796626665457267
258    0.5973105383658375
259    0.7539873187644592
260    0.9663053367938598
261    1.2597518440695528
262    1.6745457567276123
263    2.276224429734074
264    3.175612651403811
265    4.568392655029217
266    3.7663937952750506
267    2.663347985794707
268    1.9377068329435923
269    1.4447317862224536
270    1.1005213179143267
271    0.8544663511902684
272    0.6749756027115551
273    0.5417327499930706
274    0.44132706180670744
275    0.36470075834694177
276    0.3056114088124398
277    0.2596802604980589
278    0.22378881998782624
279    0.19568795259702984
280    0.1737398348811684
281    0.15674484357201615
282    0.1438239271258336
283    0.1343380124177002
284    0.12783271877471863
285    0.12400085537645979
286    0.12265788181831609
287    0.12372731455790509
288    0.1272343301352486
289    0.13330678523299266
290    0.14218370987698717
291    0.15423216891291017
292    0.16997436341090735
293    0.1901281221507187
294    0.2156657452650313
295    0.24789886375663356
296    0.288601147691895
297    0.34018730186022966
298    0.4059775022779203
299    0.4905942069444792
300    0.60056848712838
301    0.7452856875498179
302    0.9384945981770261
303    1.2007786991902953
304    1.563721387849526
305    2.07715905304104
306    2.822288058269382
307    2.340368402961767
308    1.7451700310059612
309    1.3281222431140534
310    1.0288755803162704
311    0.8096440932390294
312    0.6460583395077164
313    0.5219866065781436
314    0.42650043852434893
315    0.35204177939095227
316    0.29328553324633755
317    0.2464163395891779
318    0.20865853637762125
319    0.1779645440380144
320    0.1528045020700985
321    0.1320218861833974
322    0.11473289144752706
323    0.10025532419244318
324    0.0880576920122182
325    0.07772231322042308
326    0.06891828408827533
327    0.0613814617260453
328    0.05489949644917278
329    0.04930053699397318
330    0.04444463378712435
331    0.040217142677235
332    0.03652362492320807
333    0.033285875580251686
334    0.03043880951715574
335    0.027928004092245984
336    0.025707748134157216
337    0.023739483896116093
338    0.021990555948117673
339    0.020433201249180865
340    0.019043729815362984
341    0.017801856831656315
342    0.01669015572635158
343    0.01569360834352637
344    0.014799233429617755
345    0.013995778572874805
346    0.013273463780224598
347    0.012623767253297974
348    0.012039245790167064
349    0.011513383709297248
350    0.011040465356324662
351    0.010615467180308482
352    0.010233966105946034
353    0.009892061521778033
354    0.009586308682493548
355    0.009313661710021955
356    0.009071424691856643
357    0.008857209630633524
358    0.008668900207905672
359    0.008504620496413663
360    0.00836270789616797
361    0.008241689686081598
362    0.008140262679310225
363    0.008057275550556619
364    0.00799171347034
365    0.00794268473701276
366    0.007909409144065821
367    0.007891207859576298
368    0.007887494627802265
369    0.007897768130970836
370    0.007921605373100153
371    0.007958655967953697
372    0.008008637230532587
373    0.008071329986354491
374    0.008146575025550213
375    0.008234270139867586
376    0.008334367690289717
377    0.008446872661387397
378    0.008571841165935394
379    0.008709379369898185
380    0.008859642813780036
381    0.0090228361116611
382    0.009199213014115989
383    0.009389076825729103
384    0.00959278117216782
385    0.009810731115827346
386    0.010043384622990762
387    0.010291254389320444
388    0.01055491003437658
389    0.010834980679806228
390    0.011132157929924601
391    0.011447199277681678
392    0.011780931963537297
393    0.012134257319626663
394    0.012508155636859742
395    0.012903691598344914
396    0.013322020328849446
397    0.01376439411700857
398    0.014232169874784276
399    0.014726817407384544
400    0.015249928576630541
401    0.015803227451772178
402    0.016388581554196816
403    0.01700801431657558
404    0.01766371889300804
405    0.018358073474961795
406    0.019093658288610437
407    0.019873274472965625
408    0.02069996506545644
409    0.021577038352900167
410    0.022508093881796837
411    0.02349705146334999
412    0.024548183556494237
413    0.025666151467591537
414    0.02685604586964138
415    0.028123432218380696
416    0.02947440172936515
417    0.03091562868122139
418    0.0324544349283669
419    0.03409886264476259
420    0.03585775648248264
421    0.03774085651962522
422    0.03975890359686631
423    0.04192375890746754
424    0.04424854001991368
425    0.04674777588547787
426    0.04943758382698999
427    0.05233587203473885
428    0.05546257172899056
429    0.058839903908515914
430    0.06249268651856814
431    0.06644868897441558
432    0.07073904231073376
433    0.07539871484653603
434    0.08046706522713329
435    0.0859884871135272
436    0.09201316274264805
437    0.09859794621468233
438    0.10580740184932413
439    0.11371502851236524
440    0.12240470773195102
441    0.1319724220671447
442    0.14252830103636943
443    0.15419906558063473
444    0.16713095933973232
445    0.18149327703057225
446    0.1974826283554332
447    0.21532811202617033
448    0.23529762120486136
449    0.2577055623539459
450    0.2829223488066722
451    0.3113861346659533
452    0.3436173926682073
453    0.38023712355316414
454    0.42198973124816624
455    0.4697719317648396
456    0.5246695182046617
457    0.5880044286239638
458    0.6613954286837023
459    0.7468369309525608
460    0.8468021813567247
461    0.9643794810943314
462    1.1034536288240226
463    1.2689498997651507
464    1.4671654610614906
465    1.7062244764403536
466    1.996710396366501
467    2.352555520033221
468    2.792309598171104
469    3.340975756092346
470    4.032710201043293
471    3.398280502696744
472    2.8477163522814344
473    2.408543087494546
474    2.0552057133270787
475    1.7687847934238003
476    1.5351052501108342
477    1.3434316073769184
478    1.1855545994625374
479    1.0551431722038696
480    0.9472791518892257
481    0.8581194112524971
482    0.7846482134787187
483    0.7244941617214473
484    0.6757940261913495
485    0.6370910345692279
486    0.6072588618793878
487    0.5854451005485991
488    0.571029794050859
489    0.5635959197134923
490    0.5629096711604853
491    0.568909131591148
492    0.5817005268143199
493    0.6015617631632161
494    0.6289534405603515
495    0.6645380312430788
496    0.7092084778187816
497    0.7641281460852805
498    0.830784939490932
499    0.911063539786818
500    1.0073413190618197
501    1.1226156709320094
502    1.2606736286835907
503    1.4263191218539273
504    1.6256797541600991
505    1.8666246293478195
506    2.159339189354355
507    2.51712496143227
508    2.957525947022806
509    3.5039364577370655
510    4.18792994690893
511    5.052686334003055
512    4.181560342544173
513    3.4911459722929865
514    2.9382112629345496
515    2.491129173673312
516    2.1264494390221085
517    1.826568859804847
518    1.5781225097045612
519    1.3708562835891864
520    1.196825953038947
521    1.0498209619558658
522    0.9249450246953261
523    0.8183075130007681
524    0.7267940451281809
525    0.6478943205679046
526    0.5795717578034709
527    0.5201639540007298
528    0.46830607703088983
529    0.42287146607719844
530    0.3829252501687482
531    0.34768788980590315
532    0.3165063373513863
533    0.28883108711135413
534    0.26419780810752796
535    0.24221256466646826
536    0.22253986249316365
537    0.20489293237725892
538    0.1890257954846179
539    0.17472675439634588
540    0.16181303071564193
541    0.15012632905078893
542    0.1395291528295276
543    0.12990173291420362
544    0.12113945776090124
545    0.11315071569429368
546    0.1058550771077266
547    0.09918175807305779
548    0.09306831774126616
549    0.08745955063425466
550    0.0823065419341469
551    0.07756585952766665
552    0.07319886113916203
553    0.0691710986047121
554    0.06545180437279856
555    0.0620134477992065
556    0.05883135084191646
557    0.05588335444059313
558    0.053149528252481176
559    0.050611917566199406
560    0.04825432217052904
561    0.04606210275182875
562    0.04402201105947621
563    0.042122040636684996
564    0.04035129538284464
565    0.038699873608415016
566    0.03715876557683874
567    0.03571976281014887
568    0.034375377674360906
569    0.033118771964297355
570    0.03194369338094483
571    0.03084441894255705
572    0.029815704497454475
573    0.02885273961513711
574    0.02795110722568119
575    0.027106747457744402
576    0.026315925194798
577    0.025575200929068113
578    0.024881404544479863
579    0.024231611704815654
580    0.02362312256230832
581    0.02305344253582273
582    0.022520264937345682
583    0.02202145525130465
584    0.021555036893787172
585    0.021119178298472523
586    0.020712181193392014
587    0.02033246994782658
588    0.019978581882006446
589    0.019649158444036665
590    0.019342937168837917
591    0.01905874434304329
592    0.018795488307879648
593    0.018552153339220792
594    0.018327794050343123
595    0.018121530268542355
596    0.01793254234176935
597    0.017760066835889363
598    0.017603392587127814
599    0.01746185707779446
600    0.017334843106527244
601    0.017221775727110415
602    0.01712211943243738
603    0.01703537556244197
604    0.016961079916840267
605    0.016898800555336546
606    0.01684813576957375
607    0.01680871221257098
608    0.016780183172706336
609    0.01676222698048886
610    0.01675454553743191
611    0.01675686295730425
612    0.016768924310906864
613    0.01679049446631082
614    0.016821357017203938
615    0.016861313292640533
616    0.01691018144207308
617    0.01696779559007624
618    0.017034005055656398
619    0.0171086736314783
620    0.01719167891873964
621    0.017282911713788464
622    0.01738227544290935
623    0.0174896856420072
624    0.01760506947819386
625    0.017728365310535635
626    0.017859522287450687
627    0.01799849997845822
628    0.01814526803817482
629    0.018299805900632675
630    0.018462102502158455
631    0.018632156031202746
632    0.018809973703649226
633    0.018995571562261955
634    0.0191889742990476
635    0.019390215099419517
636    0.019599335507153648
637    0.01981638530921971
638    0.02004142243966094
639    0.020274512901777023
640    0.020515730707942437
641    0.02076515783646451
642    0.021022884204953213
643    0.021289007659738544
644    0.02156363398093205
645    0.021846876902785473
646    0.022138858149054468
647    0.022439707483126844
648    0.022749562772724153
649    0.023068570069033328
650    0.023396883700170904
651    0.023734666378926482
652    0.02408208932477569
653    0.02443933240019477
654    0.024806584261350382
655    0.025184042523278643
656    0.025571913939708226
657    0.025970414597721658
658    0.026379770127489117
659    0.02680021592734933
660    0.027231997404551546
661    0.02767537023201379
662    0.028130600621493602
663    0.02859796561360898
664    0.02907775338519026
665    0.029570263574487443
666    0.030075807624802157
667    0.030594709147159827
668    0.031127304302685805
669    0.03167394220539829
670    0.0322349853461824
671    0.03281081003876379
672    0.03340180688855526
673    0.03400838128530845
674    0.034630953920563944
675    0.03526996133095638
676    0.03592585646849848
677    0.03659910929903879
678    0.03729020743016091
679    0.03799965676987104
680    0.03872798221750257
681    0.03947572838835278
682    0.04024346037365899
683    0.041031764537618066
684    0.04184124935325579
685    0.04267254627906056
686    0.04352631067841198
687    0.04440322278395516
688    0.04530398870920192
689    0.04622934150977708
690    0.04718004229687254
691    0.04815688140562807
692    0.049160679621320966
693    0.05019228946642205
694    0.051252596551761155
695    0.052342520995244106
696    0.053463018911772686
697    0.054615083978244834
698    0.0557997490777518
699    0.057018088027342824
700    0.05827121739400267
701    0.05956029840377586
702    0.06088653894928266
703    0.06225119570120414
704    0.06365557632966592
705    0.06510104184183091
706    0.06658900904241488
707    0.0681209531242726
708    0.06969841039666516
709    0.07132298115931704
710    0.07299633273090145
711    0.0747202026411635
712    0.07649640199650207
713    0.07832681902948489
714    0.08021342284347621
715    0.0821582673643105
716    0.08416349551175577
717    0.0862313436043812
718    0.0883641460123808
719    0.09056434007390933
720    0.0928344712915708
721    0.09517719882686614
722    0.09759530131165964
723    0.10009168299707652
724    0.10266938026170282
725    0.10533156850252695
726    0.10808156943375967
727    0.11092285882049929
728    0.11385907467618196
729    0.11689402595489466
730    0.12003170177193556
731    0.12327628118849943
732    0.12663214359907066
733    0.13010387976302726
734    0.13369630352512676
735    0.13741446427297813
736    0.14126366018332728
737    0.14524945231301845
738    0.1493776795948824
739    0.15365447480356353
740    0.15808628156147175
741    0.16267987246067594
742    0.16744236838268178
743    0.17238125910470134
744    0.1775044252882895
745    0.1828201619541423
746    0.18833720355548836
747    0.1940647507719341
748    0.2000124991559247
749    0.20619066977523082
750    0.21261004200718475
751    0.2192819886538595
752    0.22621851356212969
753    0.23343229194872298
754    0.24093671364809854
755    0.24874592952043736
756    0.25687490127839846
757    0.26533945501477796
758    0.2741563387390254
759    0.28334328425900585
760    0.2929190737757038
761    0.3029036115930859
762    0.3133180013834229
763    0.3241846294904261
764    0.335527254799026
765    0.34737110575201663
766    0.35974298515069747
767    0.3726713834396781
768    0.38618660124591647
769    0.4003208820196645
770    0.41510855571117805
771    0.4305861945129087
772    0.4467927818035762
773    0.463769895549374
774    0.4815619075501069
775    0.5002162000660274
776    0.5197834015264735
777    0.5403176432063623
778    0.5618768389637075
779    0.5845229903634896
780    0.6083225197737486
781    0.6333466343125045
782    0.6596717238533358
783    0.6873797966682095
784    0.7165589567041564
785    0.7473039269622082
786    0.7797166239802702
787    0.8139067890250553
788    0.8499926822819279
789    0.8881018471072628
790    0.9283719522892572
791    0.9709517212657425
792    1.0160019583898126
793    1.0636966836372526
794    1.1142243886386893
795    1.1677894286231425
796    1.2246135668122016
797    1.2849376900452103
798    1.3490237169924368
799    1.4171567232802862
800    1.489647311275141
801    1.5668342562269968
802    1.6490874650517
803    1.7368112893387535
804    1.8304482403385696
805    1.9304831608611734
806    2.037447917389759
807    2.1519266854952215
808    2.2745619130930597
809    2.4060610595263445
810    2.5472042242664195
811    2.6988527976543937
812    2.861959288116093
813    3.037578506344186
814    3.226880317874599
815    3.4311642122923334
816    3.6518759812122585
817    3.8906268497023873
818    4.149215468810428
819    3.99178220314914
820    3.745583984220039
821    3.518121851019801
822    3.307713184243614
823    3.1128492378690513
824    2.9321749203474945
825    2.764471184220121
826    2.60863965570676
827    2.4636891922829185
828    2.328724103419265
829    2.20293380914852
830    2.085583744280012
831    1.9760073439893286
832    1.8735989700578104
833    1.777807656953151
834    1.6881315738274676
835    1.6041131128569925
836    1.5253345265667415
837    1.451414047212932
838    1.3820024302170246
839    1.3167798712926935
840    1.2554532534767089
841    1.1977536859307891
842    1.143434301261651
843    1.0922682823267313
844    1.0440470931512609
845    0.9985788917613618
846    0.9556871055079025
847    0.9152091518770159
848    0.8769952899066756
849    0.8409075891986358
850    0.8068190051695834
851    0.7746125506577701
852    0.7441805553209109
853    0.7154240054539943
854    0.6882519579453504
855    0.6625810230977507
856    0.6383349119891097
857    0.6154440449545476
858    0.5938452186582666
859    0.5734813301107937
860    0.5543011568969443
861    0.5362591938371367
862    0.5193155473376047
863    0.5034358898265118
864    0.4885914779621943
865    0.4747592397843613
866    0.46192193771764156
867    0.4500684164022741
868    0.43919394681069357
869    0.4293006811273715
870    0.4203982365708294
871    0.4125044309117507
872    0.4056461981358842
873    0.39986071983525084
874    0.3951968169050334
875    0.39171665752766444
876    0.38949785196950326
877    0.388636023370329
878    0.38924796777264226
879    0.39147554787043765
880    0.39549050573600475
881    0.4015004333612645
882    0.40975621070433366
883    0.4205613152715116
884    0.43428353376883294
885    0.4513697772583275
886    0.4723649339438896
887    0.4979360131441511
888    0.5289032763363606
889    0.5662806692852116
890    0.6113287414762455
891    0.665624482475151
892    0.7311542968104379
893    0.8104389516363782
894    0.9067031879481461
895    1.0241084542535135
896    1.1680759716254114
897    1.3457408152579742
898    1.5665987942965722
899    1.8434415250137655
900    2.193729680200482
901    1.9130712799206242
902    1.6124881518510767
903    1.37156896018545
904    1.1765358463057463
905    1.017189071031117
906    0.8858830937899438
907    0.7768208208271005
908    0.6855598651617743
909    0.6086623548204443
910    0.5434433787648406
911    0.487788143517718
912    0.44001760528276135
913    0.3987887087377847
914    0.3630196061491321
915    0.3318330957268895
916    0.3045134777015822
917    0.2804733825967586
918    0.25922807492579086
919    0.24037540629803095
920    0.22358007080854223
921    0.20856116067171485
922    0.19508227091597166
923    0.18294358583543716
924    0.17197551574432604
925    0.1620335537003854
926    0.1529940976716349
927    0.14475104083928067
928    0.13721297619794826
929    0.130300894841446
930    0.12394628287150294
931    0.11808954162384368
932    0.11267867126671147
933    0.1076681698318794
934    0.10301810916729194
935    0.09869335674193663
936    0.09466291813341102
937    0.09089937972701323
938    0.0873784349126884
939    0.08407848008356113
940    0.08098026917244966
941    0.07806661743149564
942    0.07532214675919988
943    0.07273306618273566
944    0.07028698216970826
945    0.0679727343186261
946    0.06578025269785734
947    0.06370043369790607
948    0.061725031754793984
949    0.059846564711883495
950    0.058058230928706246
951    0.05635383653044579
952    0.05472773143053902
953    0.053174752959434274
954    0.05169017610142546
955    0.05026966948402532
956    0.048909256384940744
957    0.04760528012398438
958    0.04635437329418027
959    0.045153430360361485
960    0.04399958321675942
961    0.042890179349147975
962    0.04182276229344296
963    0.04079505412245414
964    0.03980493972673125
965    0.03885045268496705
966    0.037929762544917756
967    0.037041163357862936
968    0.03618306332874841
969    0.035353975460757546
970    0.03455250908749585
971    0.033777362198550834
972    0.033027314475163286
973    0.03230122096233704
974    0.0315980063121067
975    0.030916659540040116
976    0.03025622924351119
977    0.029615819235954632
978    0.028994584556312892
979    0.028391727817291032
980    0.02780649585992388
981    0.027238176685397825
982    0.02668609663811192
983    0.02614961781665876
984    0.025628135691798153
985    0.025121076912621925
986    0.024627897283998272
987    0.02414807990006758
988    0.023681133420062662
989    0.02322659047406572
990    0.022784006187511505
991    0.02235295681431714
992    0.021933038469478004
993    0.021523865952828704
994    0.021125071656440206
995    0.02073630454881687
996    0.020357229229680935
997    0.019987525049693068
998    0.019626885289963255
999    0.01927501639666237
1000    0.018931637266456827
1001    0.01859647857886053
1002    0.01826928217193516
1003    0.017949800458074552
1004    0.017637795876885253
1005    0.017333040382425197
1006    0.017035314962290903
1007    0.016744409186249327
1008    0.01646012078229835
1009    0.016182255238211738
1010    0.015910625426779252
1011    0.015645051253094826
1012    0.015385359322375586
1013    0.015131382626912587
1014    0.01488296025086174
1015    0.014639937091683325
1016    0.014402163597127956
1017    0.0141694955167501
1018    0.013941793667006498
1019    0.013718923709066126
1020    0.013500755938522202
1021    0.013287165086256164
1022    0.013078030129756855
1023    0.012873234114248008
1024    0.012672663983023327
1025    0.012476210416430038
1026    0.012283767678980796
1027    0.012095233474109953
1028    0.011910508806123014
1029    0.011729497848918451
1030    0.011552107821090006
1031    0.011378248867043013
1032    0.011207833943782716
1033    0.01104077871305516
1034    0.010877001438541749
1035    0.010716422887827664
1036    0.010558966238882684
1037    0.010404556990809104
1038    0.010253122878626822
1039    0.01010459379188041
1040    0.009958901696865839
1041    0.00981598056228704
1042    0.009675766288164233
1043    0.009538196637826481
1044    0.009403211172830847
1045    0.009270751190660226
1046    0.009140759665060446
1047    0.009013181188885095
1048    0.008887961919324812
1049    0.008765049525404207
1050    0.008644393137636576
1051    0.00852594329973279
1052    0.00840965192226653
1053    0.00829547223820327
1054    0.008183358760206023
1055    0.008073267239635189
1056    0.007965154627164468
1057    0.007858979034939284
1058    0.007754699700207771
1059    0.00765227695035823
1060    0.007551672169300669
1061    0.0074528477651330085
1062    0.007355767139035796
1063    0.007260394655342279
1064    0.007166695612733295
1065    0.00707463621650899
1066    0.0069841835518920925
1067    0.006895305558319404
1068    0.0068079710046806624
1069    0.006722149465465794
1070    0.006637811297783552
1071    0.00655492761921651
1072    0.006473470286478848
1073    0.006393411874845275
1074    0.006314725658320848
1075    0.00623738559052292
1076    0.006161366286247893
1077    0.006086643003696782
1078    0.0060131916273347625
1079    0.005940988651361174
1080    0.00587001116376754
1081    0.005800236830962196
1082    0.005731643882941216
1083    0.0056642110989862755
1084    0.005597917793870971
1085    0.0055327438045580535
1086    0.005468669477370881
1087    0.005405675655623131
1088    0.005343743667691634
1089    0.005282855315517968
1090    0.005222992863525007
1091    0.005164139027935436
1092    0.005106276966479849
1093    0.005049390268482584
1094    0.004993462945314123
1095    0.004938479421199486
1096    0.004884424524372449
1097    0.0048312834785660804
1098    0.004779041894830565
1099    0.00472768576366972
1100    0.004677201447488123
1101    0.00462757567334126
1102    0.004578795525981482
1103    0.004530848441192987
1104    0.0044837221994095825
1105    0.004437404919609198
1106    0.004391885053479684
1107    0.004347151379850746
1108    0.004303192999387225
1109    0.004259999329539355
1110    0.0042175600997460035
1111    0.004175865346887155
1112    0.004134905410982422
1113    0.004094670931132567
1114    0.004055152841701473
1115    0.004016342368736249
1116    0.003978231026623636
1117    0.003940810614981085
1118    0.0039040732157812866
1119    0.0038680111907093305
1120    0.003832617178751895
1121    0.0037978840940183296
1122    0.0037638051237938045
1123    0.003730373726825042
1124    0.0036975836318395338
1125    0.0036654288362995293
1126    0.0036339036053924033
1127    0.003603002471259458
1128    0.0035727202324655786
1129    0.003543051953712565
1130    0.003513992965799367
1131    0.0034855388658329325
1132    0.0034576855176937453
1133    0.003430429052760624
1134    0.0034037658708998652
1135    0.003377692641724199
1136    0.0033522063061276423
1137    0.0033273040781028225
1138    0.0033029834468478654
1139    0.0032792421791705624
1140    0.0032560783221981353
1141    0.0032334902064014874
1142    0.0032114764489435594
1143    0.0031900359573620632
1144    0.003169167933597584
1145    0.003148871878378808
1146    0.003129147595977467
1147    0.0031099951993463692
1148    0.0030914151156548027
1149    0.0030734080922365722
1150    0.003055975202966824
1151    0.0030391178550849274
1152    0.0030228377964817616
1153    0.003007137123470884
1154    0.0029920182890643297
1155    0.0029774841117750552
1156    0.0029635377849694246
1157    0.002950182886794596
1158    0.002937423390707219
1159    0.0029252636766314488
1160    0.0029137085427760737
1161    0.0029027632181423766
1162    0.0028924333757562753
1163    0.0028827251466604325
1164    0.002873645134704194
1165    0.002865200432171565
1166    0.002857398636289986
1167    0.002850247866665284
1168    0.0028437567836910468
1169    0.0028379346079836845
1170    0.002832791140897698
1171    0.002828336786179049
1172    0.0028245825728182954
1173    0.0028215401791689917
1174    0.002819221958401092
1175    0.0028176409653635397
1176    0.0028168109849350453
1177    0.0028167465619471066
1178    0.002817463032768859
1179    0.002818976558649154
1180    0.0028213041609175377
1181    0.0028244637581525175
1182    0.0028284742054327052
1183    0.002833355335794092
1184    0.0028391280040250245
1185    0.0028458141329392984
1186    0.0028534367622772817
1187    0.0028620201003952384
1188    0.002871589578913989
1189    0.002882171910509827
1190    0.002893795150043313
1191    0.0029064887592352476
1192    0.002920283675113736
1193    0.002935212382472166
1194    0.0029513089905948975
1195    0.002968609314525847
1196    0.0029871509611749387
1197    0.0030069734205787984
1198    0.0030281181626550377
1199    0.0030506287398144615
1200    0.003074550895822367
1201    0.003099932681329199
1202    0.003126824576522261
1203    0.003155279621384224
1204    0.0031853535540809653
1205    0.0032171049580412016
1206    0.003250595418333625
1207    0.0032858896879940864
1208    0.003323055865006304
1209    0.003362165580694754
1210    0.003403294200348404
1211    0.003446521036959123
1212    0.0034919295790295218
1213    0.003539607733482071
1214    0.0035896480847853705
1215    0.0036421481715048962
1216    0.0036972107815853115
1217    0.003754944267780173
1218    0.003815462884763658
1219    0.0038788871495885305
1220    0.003945344227296349
1221    0.004014968343640868
1222    0.004087901227055178
1223    0.004164292582178875
1224    0.004244300597465072
1225    0.00432809248961021
1226    0.0044158450877946585
1227    0.004507745460990904
1228    0.004603991591891919
1229    0.004704793101337258
1230    0.004810372027472353
1231    0.004920963664270667
1232    0.005036817464482767
1233    0.005158198012555952
1234    0.005285386073597231
1235    0.005418679725037478
1236    0.005558395578301541
1237    0.005704870098505182
1238    0.005858461030993137
1239    0.006019548944412426
1240    0.006188538900991465
1241    0.006365862265780318
1242    0.006551978667813612
1243    0.006747378127500084
1244    0.0069525833660383065
1245    0.007168152314325914
1246    0.007394680840691435
1247    0.007632805718857989
1248    0.007883207859875166
1249    0.008146615834360882
1250    0.00842380971431576
1251    0.008715625267050242
1252    0.009022958537446692
1253    0.00934677085892037
1254    0.0096880943381064
1255    0.01004803786355743
1256    0.010427793694670737
1257    0.010828644693770137
1258    0.011251972271856746
1259    0.011699265127140871
1260    0.012172128865222018
1261    0.01267229660086572
1262    0.013201640653932277
1263    0.013762185466373596
1264    0.014356121883597668
1265    0.014985822962218077
1266    0.01565386148762303
1267    0.016363029409341198
1268    0.017116359430351
1269    0.017917149018862894
1270    0.018768987148393174
1271    0.01967578411495619
1272    0.02064180482989572
1273    0.021671706044392062
1274    0.02277057802837389
1275    0.023943991304039073
1276    0.02519804912436082
1277    0.026539446492110184
1278    0.027975536637798355
1279    0.029514406018810786
1280    0.03116495907081446
1281    0.03293701414102061
1282    0.034841412266819895
1283    0.03689014073963095
1284    0.03909647372096427
1285    0.04147513256599031
1286    0.044042468971882534
1287    0.04681667461927547
1288    0.04981802163425054
1289    0.05306913898864756
1290    0.056595330907017655
1291    0.06042494449493029
1292    0.06458979519011496
1293    0.06912566032062199
1294    0.07407285310247648
1295    0.07947689191079921
1296    0.08538928272374546
1297    0.09186843640818781
1298    0.09898074716850297
1299    0.10680186424354844
1300    0.11541819610531662
1301    0.12492869536433227
1302    0.13544698381227635
1303    0.14710389117075282
1304    0.16005049900349097
1305    0.17446180398929143
1306    0.19054114380295126
1307    0.2085255661526543
1308    0.2286923696750741
1309    0.25136710789808003
1310    0.2769334290994452
1311    0.3058452321117017
1312    0.3386417598811292
1313    0.3759664412639062
1314    0.41859054443046223
1315    0.4674430467110946
1316    0.5236485903629721
1317    0.5885760311943858
1318    0.6639009690810335
1319    0.751686881196766
1320    0.8544912155221354
1321    0.9755052759961401
1322    1.118740292717947
1323    1.2892772590453472
1324    1.4936057682572996
1325    1.7400885132362276
1326    2.039605432459586
1327    2.4064581270340804
1328    2.8596568237020046
1329    3.4247784231630685
1330    4.136691615683772
1331    3.6895769372360223
1332    3.070555835167896
1333    2.5760989958679774
1334    2.1773017909793717
1335    1.8527907197640323
1336    1.586562010058332
1337    1.366493702686513
1338    1.1833059121040415
1339    1.0298241631895872
1340    0.9004507463010273
1341    0.7907808238579215
1342    0.6973205587158519
1343    0.6172780089318767
1344    0.548406502644652
1345    0.48888625805162184
1346    0.4372341478980335
1347    0.3922343662589475
1348    0.3528847536027866
1349    0.3183549476881636
1350    0.2879535348658575
1351    0.26110210148914215
1352    0.23731461190182054
1353    0.21618092534331432
1354    0.19735354901564742
1355    0.18053693650356617
1356    0.16547879954172773
1357    0.15196302092071315
1358    0.1398038472860566
1359    0.12884111008205482
1360    0.11893627630577537
1361    0.10996917202228511
1362    0.10183525367728655
1363    0.09444332730856679
1364    0.08771363543689724
1365    0.08157624694190636
1366    0.07596969753256158
1367    0.07083983821674932
1368    0.06613885700510463
1369    0.061824445370382064
1370    0.057859086049947585
1371    0.05420944287775419
1372    0.05084583666045608
1373    0.04774179382459322
1374    0.04487365677967524
1375    0.042220246761665206
1376    0.03976257141912593
1377    0.03748357064093618
1378    0.03536789514861999
1379    0.03340171322696025
1380    0.03157254167508742
1381    0.02986909765201129
1382    0.028281168586153548
1383    0.026799497734551193
1384    0.025415683327661174
1385    0.024122089531247285
1386    0.02291176770680975
1387    0.02177838666394132
1388    0.020716170778058526
1389    0.019719845000287485
1390    0.018784585917126506
1391    0.017905978129394127
1392    0.01707997531583869
1393    0.016302865429091627
1394    0.015571239542443042
1395    0.014881963926930487
1396    0.014232154990906513
1397    0.013619156759809086
1398    0.013040520613330829
1399    0.012493987031439426
1400    0.011977469130481
1401    0.011489037796527808
1402    0.011026908245744626
1403    0.010589427861299463
1404    0.010175065173622065
1405    0.009782399865950035
1406    0.009410113700382028
1407    0.009056982271324725
1408    0.00872186750348487
1409    0.008403710820600787
1410    0.008101526919085292
1411    0.007814398087798418
1412    0.007541469021400746
1413    0.0072819420802572084
1414    0.007035072954754505
1415    0.006800166696239476
1416    0.006576574080646284
1417    0.0063636882743158575
1418    0.006160941774571225
1419    0.005967803600341711
1420    0.005783776710565863
1421    0.00560839563028093
1422    0.005441224266255745
1423    0.005281853895769564
1424    0.005129901313704862
1425    0.004985007124527356
1426    0.004846834166989273
1427    0.004715066060527904
1428    0.004589405863354364
1429    0.004469574833149782
1430    0.0043553112821183865
1431    0.004246369518898855
1432    0.004142518870515506
1433    0.004043542778166799
1434    0.003949237961207024
1435    0.0038594136441840693
1436    0.003773890842257009
1437    0.0036925017007368036
1438    0.0036150888848759753
1439    0.0035415050163825033
1440    0.003471612153452882
1441    0.0034052813114123764
1442    0.0033423920213198925
1443    0.0032828319241429305
1444    0.0032264963983373854
1445    0.0031732882188792717
1446    0.0031231172459930453
1447    0.003075900142005607
1448    0.0030315601149280102
1449    0.0029900266875299707
1450    0.0029512354908267555
1451    0.002915128081045418
1452    0.0028816517792788305
1453    0.002850759533172842
1454    0.0028224098001253424
1455    0.002796566451607227
1456    0.0027731986983454897
1457    0.0027522810362389954
1458    0.0027337932130092994
1459    0.002717720215723301
1460    0.0027040522794630384
1461    0.002692784917561835
1462    0.002683918973976968
1463    0.0026774606985285787
1464    0.0026734218459045743
1465    0.002671819799513782
1466    0.002672677721466767
1467    0.002676024730178086
1468    0.0026818961073180065
1469    0.002690333536099096
1470    0.002701385373167074
1471    0.0027151069566799966
1472    0.0027315609535098193
1473    0.002750817748890868
1474    0.002772955882276916
1475    0.0027980625336592323
1476    0.002826234065150247
1477    0.0028575766232606095
1478    0.0028922068080021114
1479    0.0029302524157476927
1480    0.0029718532636869893
1481    0.0030171621047485075
1482    0.003066345643037201
1483    0.003119585661182051
1484    0.0031770802725291573
1485    0.0032390453128836247
1486    0.0033057158885354933
1487    0.0033773480996450644
1488    0.0034542209607634324
1489    0.0035366385433862994
1490    0.0036249323690565587
1491    0.003719464085730621
1492    0.0038206284650089384
1493    0.00392885676352665
1494    0.0040446204984544145
1495    0.004168435694850875
1496    0.0043008676717516976
1497    0.004442536444635288
1498    0.004594122834586148
1499    0.004756375389464511
1500    0.004930118240149221
1501    0.005116260036015928
1502    0.005315804128937416
1503    0.005529860205098072
1504    0.005759657599847957
1505    0.006006560573978153
1506    0.006272085881782955
1507    0.006557923024082252
1508    0.0068659576555007516
1509    0.0071982987078611695
1510    0.0075573099044714195
1511    0.007945646478326051
1512    0.00836629807707961
1513    0.008822639047076055
1514    0.009318487547948012
1515    0.009858175271444815
1516    0.010446629940119315
1517    0.011089473265212304
1518    0.011793137677054059
1519    0.01256500594290255
1520    0.013413578805502176
1521    0.014348677075802934
1522    0.015381686281768866
1523    0.01652585412789204
1524    0.017796653813015748
1525    0.019212229899048628
1526    0.02079394820916081
1527    0.02256707755858194
1528    0.02456163953489299
1529    0.026813473816766072
1530    0.029365581733246753
1531    0.03226983145766063
1532    0.03558913660494546
1533    0.03940025924763197
1534    0.04379744314508785
1535    0.04889716017951242
1536    0.05484436290033142
1537    0.0618207942566216
1538    0.07005613587775812
1539    0.079843115646609
1540    0.09155820207907457
1541    0.10569028041068111
1542    0.12288088492741445
1543    0.14398140500472204
1544    0.17013561219907275
1545    0.20290060251882103
1546    0.24442709789976252
1547    0.2977333263570841
1548    0.3671297081289158
1549    0.4588925394710144
1550    0.5823600058759728
1551    0.751766324144246
1552    0.9894101265572285
1553    1.3313282347267836
1554    1.837882852268
1555    2.6144793309750285
1556    2.57869590153272
1557    1.820596081227274
1558    1.3270967542956131
1559    0.9952530817612489
1560    0.7660270683643466
1561    0.6041398949708777
1562    0.4877554758271734
1563    0.4029425732047342
1564    0.3405781433484704
1565    0.2945529658399904
1566    0.26069887386983126
1567    0.23612953097136888
1568    0.2188254863482885
1569    0.20736755194121306
1570    0.20076257451585564
1571    0.19832820109626517
1572    0.1996162674611533
1573    0.20436217965245154
1574    0.2124523787069843
1575    0.2239049416716708
1576    0.2388602993362755
1577    0.25758036899865455
1578    0.28045537088039335
1579    0.30801839107031115
1580    0.34096849662316786
1581    0.38020400517811326
1582    0.42686846978336374
1583    0.4824131892821331
1584    0.5486817715356818
1585    0.6280247167085588
1586    0.7234555384299586
1587    0.8388652054056273
1588    0.9793196246623792
1589    1.1514770551794176
1590    1.3641813048533784
1591    1.6293166474067577
1592    1.963059029344834
1593    2.387738380707461
1594    2.9346622165437406
1595    3.6484847082291028
1596    4.594120796214182
1597    4.465260618985965
1598    3.5511867318331904
1599    2.859736680631212
1600    2.328903995214874
1601    1.9159299748877274
1602    1.5907681828393623
1603    1.33194285163838
1604    1.123865348236058
1605    0.9550600113062301
1606    0.8169694932655831
1607    0.7031367172100884
1608    0.6086360323600011
1609    0.5296720068724402
1610    0.4632927240094673
1611    0.40718240064533945
1612    0.35950968142334777
1613    0.3188154912300826
1614    0.283929316940026
1615    0.2539061401226544
1616    0.2279785224298675
1617    0.20551991575798387
1618    0.18601636330484642
1619    0.16904452809822523
1620    0.15425453377997603
1621    0.1413564963993774
1622    0.13010991187197338
1623    0.12031527329640437
1624    0.11180744749583862
1625    0.10445045641451653
1626    0.09813339734383167
1627    0.0927673043165789
1628    0.08828280725194845
1629    0.08462849001745043
1630    0.0817698870546538
1631    0.07968909363347422
1632    0.0783850000050545
1633    0.07787419769320164
1634    0.07819265035520165
1635    0.07939827643423544
1636    0.08157466213336281
1637    0.08483621941396746
1638    0.08933523690391999
1639    0.09527145985508076
1640    0.10290510597100863
1641    0.11257461913736677
1642    0.12472104865408074
1643    0.13992182204243206
1644    0.15893802371255222
1645    0.182781377162266
1646    0.21281041944377843
1647    0.25087064690564975
1648    0.29950208609767287
1649    0.3622522797737443
1650    0.44415761772237383
1651    0.5524998560835248
1652    0.6980242358090922
1653    0.8969544227265833
1654    1.1744278338570895
1655    1.5705562676667963
1656    2.151542817916597
1657    3.0310081653213437
1658    4.019071964854051
1659    2.7827184109874787
1660    1.988014196598611
1661    1.4584084859234807
1662    1.0944777338576104
1663    0.8377104211036422
1664    0.652348554589175
1665    0.5158138569045136
1666    0.41343676691999154
1667    0.3354428518221099
1668    0.27517173240965254
1669    0.2279930227809541
1670    0.1906289546766996
1671    0.16072101317743737
1672    0.13654670886761938
1673    0.1168308537278992
1674    0.1006175670625205
1675    0.08718205297990313
1676    0.07596887971890945
1677    0.0665482028449158
1678    0.05858431845652284
1679    0.05181280549583039
1680    0.046023727733091165
1681    0.04104916179766564
1682    0.03675384793865969
1683    0.033028118360111644
1684    0.029782502922955353
1685    0.026943581507166213
1686    0.024450770923476493
1687    0.022253818110183548
1688    0.02031083121307147
1689    0.018586723283434053
1690    0.017051974687370266
1691    0.015681643305307462
1692    0.014454568582787854
1693    0.013352728134378775
1694    0.012360715079224541
1695    0.011465311439684005
1696    0.010655138368563376
1697    0.009920368124311893
1698    0.009252485907626251
1699    0.008644092142903844
1700    0.008088737708416987
1701    0.007580786120000448
1702    0.007115297851953966
1703    0.0066879329092872615
1704    0.006294868503136854
1705    0.005932729268675425
1706    0.00559852793469846
1707    0.0052896147314059035
1708    0.005003634127121959
1709    0.004738487730916233
1710    0.004492302398099148
1711    0.004263402738615932
1712    0.004050287361743564
1713    0.0038516082999669227
1714    0.0036661531450490267
1715    0.003492829503761839
1716    0.0033306514424244144
1717    0.003178727640644802
1718    0.0030362510173659236
1719    0.002902489627996694
1720    0.002776778661302685
1721    0.0026585133898395096
1722    0.002547142948855796
1723    0.0024421648364409774
1724    0.0023431200427956106
1725    0.0022495887293107132
1726    0.002161186389030516
1727    0.002077560429348466
1728    0.0019983871257050465
1729    0.0019233689018304692
1730    0.0018522318978827523
1731    0.0017847237928199401
1732    0.0017206118516381532
1733    0.0016596811718086238
1734    0.0016017331064442672
1735    0.0015465838444932245
1736    0.0014940631306554041
1737    0.001444013109800904
1738    0.0013962872824808833
1739    0.0013507495596999162
1740    0.0013072734064962545
1741    0.0012657410650802848
1742    0.0012260428493352637
1743    0.0011880765034082042
1744    0.0011517466179298452
1745    0.0011169640981156799
1746    0.0010836456786278439
1747    0.0010517134806311461
1748    0.0010210946069651773
1749    0.0009917207717863932
1750    0.0009635279614164112
1751    0.0009364561234716197
1752    0.0009104488816498976
1753    0.0008854532738173813
1754    0.0008614195112758587
1755    0.0008383007573029939
1756    0.0008160529232462655
1757    0.0007946344806199236
1758    0.0007740062878047605
1759    0.0007541314300851176
1760    0.0007349750718781114
1761    0.0007165043201181375
1762    0.0006986880978566956
1763    0.0006814970272247037
1764    0.0006649033209828063
1765    0.0006488806819556952
1766    0.0006334042097099812
1767    0.0006184503138924528
1768    0.0006039966336972558
1769    0.0005900219629772542
1770    0.0005765061805570711
1771    0.0005634301853435517
1772    0.0005507758358640145
1773    0.0005385258938940716
1774    0.000526663971865287
1775    0.0005151744837688178
1776    0.0005040425992947113
1777    0.000493254200967918
1778    0.0004827958440615624
1779    0.0004726547190857591
1780    0.0004628186166664379
1781    0.0004532758946434065
1782    0.0004440154472303626
1783    0.0004350266760918825
1784    0.00042629946320367994
1785    0.0004178241453727403
1786    0.00040959149030337456
1787    0.0004015926741038878
1788    0.0003938192601364952
1789    0.0003862631791203953
1790    0.00037891671040459754
1791    0.00037177246433324436
1792    0.0003648233656318164
1793    0.00035806263774780484
1794    0.0003514837880842206
1795    0.0003450805940687182
1796    0.00033884709000516963
1797    0.00033277755465827653
1798    0.0003268664995252635
1799    0.00032110865775188515
1800    0.00031549897365293724
1801    0.00031003259280018146
1802    0.00030470485264311945
1803    0.0002995112736303876
1804    0.00029444755080170224
1805    0.0002895095458222919
1806    0.0002846932794336054
1807    0.00027999492429581154
1808    0.00027541079819920093
1809    0.00027093735762308415
1810    0.0002665711916221616
1811    0.0002623090160216175
1812    0.00025814766790338507
1813    0.0002540841003671347
1814    0.000250115377550572
1815    0.0002462386698945886
1816    0.00024245124963970797
1817    0.00023875048654109824
1818    0.000235133843790205
1819    0.00023159887413177997
1820    0.00022814321616576117
1821    0.00022476459082408932
1822    0.00022146079801313944
1823    0.00021822971341299536
1824    0.0002150692854253135
1825    0.0002119775322620033
1826    0.00020895253916740472
1827    0.00020599245576706507
1828    0.00020309549353661406
1829    0.00020025992338460743
1830    0.00019748407334355616
1831    0.0001947663263636855
1832    0.00019210511820427369
1833    0.0001894989354177067
1834    0.00018694631342165528
1835    0.00018444583465503455
1836    0.00018199612681364156
1837    0.00017959586116159264
1838    0.00017724375091489078
1839    0.0001749385496936505
1840    0.0001726790500396947
1841    0.00017046408199641216
1842    0.00016829251174792903
1843    0.000166163240314803
1844    0.00016407520230359495
1845    0.00016202736470780993
1846    0.00016001872575783016
1847    0.00015804831381758486
1848    0.00015611518632581593
1849    0.00015421842877990963
1850    0.0001523571537603661
1851    0.00015053049999407477
1852    0.00014873763145465787
1853    0.00014697773649822857
1854    0.0001452500270329941
1855    0.00014355373772120946
1856    0.00014188812521206373
1857    0.00014025246740414707
1858    0.00013864606273621366
1859    0.00013706822950501906
1860    0.00013551830520906627
1861    0.00013399564591715294
1862    0.00013249962566066453
1863    0.0001310296358486069
1864    0.00012958508470442047
1865    0.0001281653967236629
1866    0.00012677001215168898
1867    0.00012539838648049762
1868    0.0001240499899639544
1869    0.00012272430715063316
1870    0.00012142083643355638
1871    0.00012013908961614595
1872    0.00011887859149372704
1873    0.00011763887944995783
1874    0.00011641950306758601
1875    0.00011522002375295919
1876    0.00011404001437374227
1877    0.00011287905890931909
1878    0.00011173675211337833
1879    0.00011061269918820557
1880    0.00010950651547022489
1881    0.00010841782612635224
1882    0.00010734626586074252
1883    0.00010629147863153
1884    0.00010525311737717894
1885    0.00010423084375207702
1886    0.00010322432787102124
1887    0.00010223324806225914
1888    0.00010125729062876286
1889    0.00010029614961742819
1890    9.934952659590177e-05
1891    9.841713043675301e-05
1892    9.749867710871935e-05
1893    9.659388947476339e-05
1894    9.570249709669233e-05
1895    9.482423604609977e-05
1896    9.395884872139978e-05
1897    9.310608367073225e-05
1898    9.226569542052807e-05
1899    9.143744430953042e-05
1900    9.062109632807674e-05
1901    8.981642296245451e-05
1902    8.902320104415e-05
1903    8.824121260381756e-05
1904    8.747024472980316e-05
1905    8.671008943106221e-05
1906    8.596054350431867e-05
1907    8.522140840531754e-05
1908    8.449249012402924e-05
1909    8.377359906366913e-05
1910    8.306454992340173e-05
1911    8.23651615846028e-05
1912    8.167525700055825e-05
1913    8.099466308948347e-05
1914    8.032321063075026e-05
1915    7.966073416421345e-05
1916    7.900707189253337e-05
1917    7.836206558639383e-05
1918    7.772556049251874e-05
1919    7.70974052443956e-05
1920    7.647745177561511e-05
1921    7.586555523574155e-05
1922    7.526157390863067e-05
1923    7.466536913311525e-05
1924    7.407680522598059e-05
1925    7.349574940715683e-05
1926    7.29220717270551e-05
1927    7.23556449959795e-05
1928    7.17963447155479e-05
1929    7.124404901205709e-05
1930    7.06986385717309e-05
1931    7.015999657779119e-05
1932    6.962800864929408e-05
1933    6.910256278167578e-05
1934    6.858354928895472e-05
1935    6.807086074753765e-05
1936    6.756439194157974e-05
1937    6.706403980985118e-05
1938    6.656970339406258e-05
1939    6.608128378860478e-05
1940    6.559868409165976e-05
1941    6.512180935764007e-05
1942    6.465056655091661e-05
1943    6.418486450079587e-05
1944    6.372461385770787e-05
1945    6.326972705056913e-05
1946    6.282011824528494e-05
1947    6.237570330435651e-05
1948    6.193639974756037e-05
1949    6.15021267136679e-05
1950    6.107280492317416e-05
1951    6.0648356642005695e-05
1952    6.0228705646179435e-05
1953    5.9813777187383675e-05
1954    5.940349795945458e-05
1955    5.89977960657223e-05
1956    5.8596600987200916e-05
1957    5.819984355159784e-05
1958    5.780745590311933e-05
1959    5.741937147304874e-05
1960    5.703552495107533e-05
1961    5.665585225735264e-05
1962    5.628029051526489e-05
1963    5.590877802488167e-05
1964    5.554125423708155e-05
1965    5.5177659728325176e-05
1966    5.481793617605996e-05
1967    5.4462026334738645e-05
1968    5.410987401243413e-05
1969    5.376142404803438e-05
1970    5.341662228900111e-05
1971    5.307541556967637e-05
1972    5.273775169012225e-05
1973    5.240357939547881e-05
1974    5.2072848355826004e-05
1975    5.1745509146535655e-05
1976    5.142151322910052e-05
1977    5.110081293242695e-05
1978    5.0783361434578655e-05
1979    5.046911274495991e-05
1980    5.01580216869255e-05
1981    4.9850043880806424e-05
1982    4.954513572734026e-05
1983    4.92432543914951e-05
1984    4.8944357786676626e-05
1985    4.8648404559308355e-05
1986    4.835535407377488e-05
1987    4.806516639771858e-05
1988    4.777780228768076e-05
1989    4.749322317507768e-05
1990    4.721139115250313e-05
1991    4.693226896034883e-05
1992    4.665581997373441e-05
1993    4.63820081897388e-05
1994    4.611079821492562e-05
1995    4.584215525315445e-05
1996    4.557604509367088e-05
1997    4.5312434099468546e-05
1998    4.5051289195915316e-05
1999    4.479257785963768e-05
2000    4.4536268107656534e-05
2001    4.42823284867678e-05
2002    4.403072806316173e-05
2003    4.3781436412275234e-05
2004    4.3534423608870854e-05
2005    4.328966021733694e-05
2006    4.3047117282203666e-05
2007    4.280676631886908e-05
2008    4.2568579304530313e-05
2009    4.233252866931478e-05
2010    4.20985872876063e-05
2011    4.186672846956133e-05
2012    4.163692595281096e-05
2013    4.140915389434362e-05
2014    4.1183386862564304e-05
2015    4.095959982952622e-05
2016    4.073776816333026e-05
2017    4.051786762068844e-05
2018    4.029987433964742e-05
2019    4.0083764832467944e-05
2020    3.9869515978656815e-05
2021    3.9657105018147393e-05
2022    3.9446509544625347e-05
2023    3.923770749899592e-05
2024    3.903067716298964e-05
2025    3.882539715290286e-05
2026    3.862184641347013e-05
2027    3.8420004211865396e-05
2028    3.8219850131828596e-05
2029    3.802136406791505e-05
2030    3.782452621986476e-05
2031    3.762931708708852e-05
2032    3.7435717463268405e-05
2033    3.7243708431069926e-05
2034    3.705327135696306e-05
2035    3.6864387886149833e-05
2036    3.667703993759603e-05
2037    3.649120969916446e-05
2038    3.6306879622847435e-05
2039    3.612403242009647e-05
2040    3.59426510572467e-05
2041    3.5762718751033816e-05
2042    3.558421896420182e-05
2043    3.5407135401198956e-05
2044    3.5231452003960325e-05
2045    3.5057152947774956e-05
2046    3.488422263723558e-05
2047    3.4712645702268925e-05
