0    -86
1    -87
2    -87
3    -89
4    -89
5    -90
6    -91
7    -93
8    -96
9    -97
10    -97
11    -94
12    -93
13    -95
14    -97
15    -97
16    -95
17    -94
18    -95
19    -93
20    -97
21    -97
22    -94
23    -91
24    -92
25    -93
26    -93
27    -95
28    -92
29    -88
30    -87
31    -90
32    -90
33    -88
34    -90
35    -87
36    -91
37    -88
38    -89
39    -88
40    -85
41    -84
42    -83
43    -84
44    -83
45    -81
46    -80
47    -79
48    -78
49    -81
50    -81
51    -80
52    -76
53    -74
54    -77
55    -74
56    -75
57    -75
58    -73
59    -70
60    -71
61    -69
62    -72
63    -73
64    -72
65    -68
66    -69
67    -68
68    -69
69    -72
70    -70
71    -69
72    -69
73    -67
74    -70
75    -71
76    -67
77    -67
78    -65
79    -64
80    -66
81    -65
82    -63
83    -61
84    -62
85    -62
86    -68
87    -70
88    -65
89    -63
90    -63
91    -68
92    -66
93    -66
94    -62
95    -62
96    -63
97    -66
98    -65
99    -63
100    -60
101    -60
102    -58
103    -61
104    -64
105    -64
106    -60
107    -56
108    -57
109    -59
110    -59
111    -57
112    -57
113    -55
114    -57
115    -59
116    -58
117    -59
118    -55
119    -53
120    -53
121    -52
122    -56
123    -53
124    -52
125    -50
126    -48
127    -48
128    -51
129    -52
130    -49
131    -44
132    -37
133    -33
134    -25
135    -22
136    -18
137    -19
138    -23
139    -24
140    -25
141    -25
142    -26
143    -26
144    -29
145    -32
146    -35
147    -37
148    -34
149    -29
150    -32
151    -36
152    -41
153    -45
154    -45
155    -44
156    -46
157    -45
158    -50
159    -53
160    -51
161    -49
162    -51
163    -53
164    -55
165    -51
166    -51
167    -48
168    -48
169    -51
170    -55
171    -54
172    -52
173    -48
174    -50
175    -52
176    -53
177    -51
178    -51
179    -57
180    -64
181    -70
182    -73
183    -64
184    -39
185    -3
186    44
187    98
188    162
189    220
190    250
191    231
192    178
193    121
194    69
195    26
196    9
197    8
198    2
199    -8
200    -17
201    -19
202    -23
203    -30
204    -38
205    -44
206    -50
207    -54
208    -52
209    -52
210    -57
211    -60
212    -66
213    -68
214    -65
215    -62
216    -66
217    -65
218    -68
219    -66
220    -65
221    -64
222    -64
223    -65
224    -65
225    -65
226    -63
227    -64
228    -65
229    -64
230    -67
231    -67
232    -66
233    -64
234    -63
235    -66
236    -67
237    -69
238    -64
239    -61
240    -64
241    -66
242    -68
243    -67
244    -67
245    -62
246    -62
247    -64
248    -67
249    -66
250    -63
251    -61
252    -60
253    -61
254    -63
255    -63
256    -62
257    -59
258    -56
259    -56
260    -58
261    -57
262    -53
263    -51
264    -52
265    -52
266    -53
267    -52
268    -49
269    -46
270    -46
271    -47
272    -45
273    -43
274    -39
275    -33
276    -34
277    -36
278    -38
279    -40
280    -36
281    -28
282    -24
283    -22
284    -23
285    -23
286    -19
287    -17
288    -16
289    -14
290    -13
291    -14
292    -14
293    -14
294    -13
295    -14
296    -12
297    -10
298    -8
299    -8
300    -14
301    -15
302    -16
303    -14
304    -15
305    -18
306    -25
307    -28
308    -32
309    -36
310    -34
311    -34
312    -33
313    -37
314    -40
315    -42
316    -41
317    -42
318    -44
319    -45
320    -47
321    -49
322    -49
323    -50
324    -49
325    -51
326    -54
327    -55
328    -53
329    -51
330    -53
331    -54
332    -56
333    -59
334    -56
335    -55
336    -55
337    -54
338    -54
339    -57
340    -54
341    -52
342    -53
343    -55
344    -57
345    -55
346    -50
347    -49
348    -49
349    -50
350    -52
351    -54
352    -52
353    -50
354    -52
355    -53
356    -54
357    -52
358    -51
359    -50
360    -51
361    -52
362    -52
363    -51
364    -47
365    -47
366    -47
367    -48
368    -49
369    -53
370    -49
371    -49
372    -47
373    -48
374    -49
375    -53
376    -50
377    -48
378    -50
379    -48
380    -48
381    -48
382    -45
383    -43
384    -43
385    -45
386    -48
387    -51
388    -46
389    -42
390    -42
391    -46
392    -49
393    -48
394    -47
395    -44
396    -45
397    -46
398    -49
399    -52
400    -49
401    -48
402    -47
403    -48
404    -49
405    -48
406    -46
407    -45
408    -44
409    -46
410    -51
411    -48
412    -46
413    -44
414    -48
415    -50
416    -49
417    -51
418    -50
419    -48
420    -47
421    -49
422    -49
423    -50
424    -49
425    -46
426    -48
427    -49
428    -50
429    -51
430    -49
431    -43
432    -46
433    -47
434    -50
435    -49
436    -48
437    -46
438    -47
439    -50
440    -55
441    -54
442    -53
443    -47
444    -48
445    -49
446    -49
447    -47
448    -46
449    -45
450    -46
451    -50
452    -48
453    -47
454    -46
455    -47
456    -45
457    -45
458    -45
459    -41
460    -33
461    -23
462    -18
463    -17
464    -20
465    -25
466    -25
467    -24
468    -24
469    -26
470    -30
471    -32
472    -31
473    -30
474    -31
475    -32
476    -35
477    -39
478    -38
479    -37
480    -38
481    -45
482    -50
483    -52
484    -52
485    -51
486    -53
487    -52
488    -53
489    -54
490    -55
491    -56
492    -57
493    -57
494    -58
495    -59
496    -57
497    -56
498    -57
499    -57
500    -60
501    -63
502    -60
503    -56
504    -56
505    -61
506    -65
507    -72
508    -77
509    -80
510    -81
511    -68
512    -42
513    -3
514    46
515    99
516    162
517    214
518    236
519    208
520    155
521    101
522    53
523    15
524    2
525    0
526    -5
527    -12
528    -20
529    -24
530    -33
531    -45
532    -53
533    -58
534    -65
535    -72
536    -75
537    -75
538    -77
539    -77
540    -78
541    -78
542    -81
543    -83
544    -84
545    -80
546    -79
547    -82
548    -82
549    -84
550    -82
551    -80
552    -79
553    -84
554    -84
555    -84
556    -79
557    -80
558    -78
559    -80
560    -82
561    -80
562    -78
563    -76
564    -74
565    -78
566    -81
567    -82
568    -83
569    -79
570    -80
571    -82
572    -79
573    -82
574    -80
575    -81
576    -81
577    -81
578    -81
579    -81
580    -78
581    -73
582    -73
583    -76
584    -74
585    -78
586    -80
587    -74
588    -75
589    -74
590    -73
591    -74
592    -74
593    -74
594    -68
595    -69
596    -68
597    -67
598    -64
599    -62
600    -61
601    -59
602    -59
603    -58
604    -57
605    -54
606    -51
607    -52
608    -52
609    -52
610    -50
611    -47
612    -45
613    -45
614    -42
615    -39
616    -34
617    -31
618    -30
619    -30
620    -32
621    -31
622    -29
623    -28
624    -25
625    -25
626    -25
627    -25
628    -26
629    -25
630    -22
631    -24
632    -29
633    -32
634    -29
635    -32
636    -33
637    -39
638    -41
639    -44
640    -44
641    -46
642    -45
643    -47
644    -51
645    -54
646    -57
647    -53
648    -57
649    -60
650    -63
651    -62
652    -62
653    -61
654    -62
655    -62
656    -66
657    -69
658    -66
659    -65
660    -66
661    -65
662    -66
663    -65
664    -64
665    -63
666    -62
667    -65
668    -65
669    -66
670    -62
671    -62
672    -62
673    -66
674    -66
675    -67
676    -66
677    -63
678    -64
679    -65
680    -67
681    -67
682    -64
683    -63
684    -61
685    -63
686    -64
687    -66
688    -66
689    -62
690    -60
691    -61
692    -64
693    -64
694    -62
695    -58
696    -57
697    -59
698    -63
699    -65
700    -64
701    -61
702    -61
703    -62
704    -64
705    -63
706    -64
707    -60
708    -57
709    -59
710    -62
711    -65
712    -64
713    -61
714    -59
715    -59
716    -61
717    -62
718    -62
719    -61
720    -63
721    -66
722    -66
723    -64
724    -61
725    -62
726    -61
727    -63
728    -68
729    -69
730    -62
731    -62
732    -62
733    -62
734    -64
735    -66
736    -63
737    -63
738    -62
739    -65
740    -64
741    -66
742    -68
743    -66
744    -65
745    -66
746    -67
747    -69
748    -66
749    -65
750    -67
751    -64
752    -69
753    -68
754    -65
755    -61
756    -62
757    -64
758    -67
759    -69
760    -68
761    -67
762    -62
763    -64
764    -67
765    -69
766    -68
767    -64
768    -63
769    -64
770    -64
771    -66
772    -63
773    -62
774    -60
775    -61
776    -61
777    -61
778    -58
779    -54
780    -54
781    -56
782    -55
783    -56
784    -51
785    -49
786    -48
787    -47
788    -40
789    -37
790    -29
791    -22
792    -21
793    -23
794    -28
795    -35
796    -37
797    -35
798    -36
799    -39
800    -43
801    -44
802    -44
803    -43
804    -44
805    -47
806    -50
807    -53
808    -53
809    -53
810    -55
811    -65
812    -71
813    -71
814    -69
815    -64
816    -66
817    -73
818    -77
819    -77
820    -74
821    -73
822    -72
823    -73
824    -74
825    -77
826    -77
827    -79
828    -81
829    -82
830    -80
831    -79
832    -81
833    -79
834    -81
835    -87
836    -88
837    -87
838    -87
839    -85
840    -86
841    -81
842    -57
843    -22
844    15
845    63
846    124
847    173
848    188
849    157
850    108
851    60
852    18
853    -20
854    -36
855    -35
856    -36
857    -42
858    -47
859    -55
860    -64
861    -74
862    -80
863    -86
864    -95
865    -100
866    -106
867    -107
868    -103
869    -101
870    -103
871    -107
872    -112
873    -110
874    -107
875    -103
876    -106
877    -109
878    -111
879    -111
880    -108
881    -109
882    -107
883    -107
884    -108
885    -111
886    -108
887    -108
888    -104
889    -105
890    -110
891    -111
892    -110
893    -106
894    -104
895    -101
896    -104
897    -110
898    -112
899    -109
900    -106
901    -107
902    -107
903    -110
904    -111
905    -108
906    -108
907    -108
908    -109
909    -110
910    -107
911    -106
912    -105
913    -101
914    -101
915    -105
916    -111
917    -108
918    -102
919    -99
920    -105
921    -104
922    -103
923    -100
924    -97
925    -98
926    -99
927    -99
928    -97
929    -94
930    -93
931    -95
932    -94
933    -94
934    -89
935    -87
936    -89
937    -92
938    -93
939    -88
940    -85
941    -80
942    -79
943    -79
944    -77
945    -80
946    -75
947    -72
948    -69
949    -69
950    -70
951    -70
952    -68
953    -65
954    -63
955    -63
956    -61
957    -64
958    -61
959    -60
960    -56
961    -56
962    -58
963    -61
964    -59
965    -58
966    -59
967    -62
968    -64
969    -66
970    -65
971    -66
972    -69
973    -73
974    -77
975    -80
976    -78
977    -77
978    -77
979    -79
980    -83
981    -86
982    -87
983    -86
984    -88
985    -86
986    -89
987    -91
988    -88
989    -85
990    -88
991    -91
992    -93
993    -94
994    -93
995    -89
996    -91
997    -90
998    -90
999    -90
1000    -85
1001    -86
1002    -86
1003    -85
1004    -88
1005    -90
1006    -89
1007    -88
1008    -85
1009    -84
1010    -82
1011    -84
1012    -86
1013    -82
1014    -82
1015    -81
1016    -80
1017    -81
1018    -76
1019    -77
1020    -78
1021    -78
1022    -77
1023    -77
