0    0.8269192409051928
1    -0.9294693629110771
2    0.2217148811837629
3    0.6857967836134816
4    -0.9833500385885017
5    0.43614416321378274
6    0.5147318946093191
7    -0.9852991320253065
8    0.6330783930253091
9    0.3224585258506937
10    -0.9348108264913241
11    0.8033369374380921
12    0.11892157484105778
13    -0.8337763241205292
14    0.9392181159381576
15    -0.08521022904742764
16    -0.6863913331186638
17    1.0348761204252106
18    -0.27906768712257407
19    -0.49895147254075156
20    1.086606153784464
21    -0.45211521296021634
22    -0.2795457378774692
23    1.093023689552038
24    -0.5946696034820272
25    -0.037663189557934545
26    1.0551289184456831
27    -0.6983782428617842
28    0.21626770036527365
29    0.976253051879068
30    -0.756633489472369
31    0.4713842907754987
32    0.8618889240195876
33    -0.7649031377662804
34    0.7169146526777729
35    0.7194139906560886
36    -0.7209609685925606
37    0.9426961682948831
38    0.5577190890074845
39    -0.6250063000023962
40    1.139662233825138
41    0.3867609407620241
42    -0.4796668849432357
43    1.300273020810026
44    0.21706012603544833
45    -0.28988520492641945
46    1.418869007339049
47    0.059168946322227745
48    -0.06269389913775664
49    1.4919297998985999
50    -0.0768649006716337
51    0.1931085334789872
52    1.518225444129795
53    -0.18201266471260302
54    0.46736578152366454
55    1.4988527400578242
56    -0.24873175804598635
57    0.7490354961584467
58    1.437154774923721
59    -0.27136293511027765
60    1.026701723123785
61    1.338527686108487
62    -0.24643787878751622
63    1.289103016744147
64    1.21012428392947
65    -0.17288192716966533
66    1.5256505946197416
67    1.0604693238506866
68    -0.052101700856914235
69    1.726911495362394
70    0.8990056661834203
71    0.11204709435293325
72    1.8850335443556978
73    0.7355940790110881
74    0.3134106790583697
75    1.9940919215127755
76    0.5799918518767491
77    0.5438003377303138
78    2.0503411106004554
79    0.4413365718636708
80    0.7933556470916311
81    2.0523607921677947
82    0.3276613072059018
83    1.0509910020141358
84    2.001089581476505
85    0.2454660456097204
86    1.3049047019262239
87    1.899746140567072
88    0.19936760619852634
89    1.5431269173476094
90    1.753642825842722
91    0.19184650564035566
92    1.7540810483325024
93    1.569902384118171
94    0.2231045841430931
95    1.9271323929845114
96    1.3570930086119115
97    0.29104180423902803
98    2.053098683296951
99    1.1248010660225078
100    0.39135477798746143
101    2.124698875167151
102    0.883163799796177
103    0.5177535325707319
104    2.1369194992583096
105    0.6423861458677809
106    0.6622870763335913
107    2.0872817366804504
108    0.4122663666103491
109    0.8157627598836986
110    1.9759969813036546
111    0.20175448139572566
112    0.9682395064304559
113    1.8060037583876956
114    0.018565479555247233
115    1.1095709502644655
116    1.582884235339471
117    -0.13113385878841116
118    1.2299715714249029
119    1.314663925170262
120    -0.24294987662367978
121    1.3205771998031421
122    1.0115032929179009
123    -0.31438899162203915
124    1.3739708807697573
125    0.6852945955194326
126    -0.34488247950782
127    1.3846460864518955
128    0.3491812134741048
129    -0.3357106102989326
130    1.3493816021580107
131    0.01701980709161796
132    -0.2898333065568378
133    1.2675060379371952
134    -0.29719226017956063
135    -0.21163974346546216
136    1.1410346776949594
137    -0.5799007007523294
138    -0.10663385797442132
139    0.9746670999542827
140    -0.8185656881101664
141    0.018923698264997846
142    0.775640460021582
143    -1.002198156330934
144    0.15839427123813732
145    0.5534402535144887
146    -1.12184009512153
147    0.30513671772430884
148    0.3193775012302864
149    -1.1709704234466813
150    0.452856362702035
151    0.08604830467351177
152    -1.145821087934474
153    0.5959060499368101
154    -0.1333016866414135
155    -1.0455914751240059
156    0.7295213650903073
157    -0.32547948464178644
158    -0.8725528687105508
159    0.8499768020277272
160    -0.47808038044852585
161    -0.6320383591755622
162    0.9546553424428319
163    -0.5802201295014705
164    -0.3323171873286861
165    1.0420302922080678
166    -0.6232248167492527
167    0.01564412133579529
168    1.1115648622112797
169    -0.6012391973824065
170    0.39852834819288685
171    1.1635414439299174
172    -0.5117158755826886
173    0.8011135401505549
174    1.1988383313115574
175    -0.3557512317060831
176    1.2068073092353222
177    1.2186763036379764
178    -0.13823956438945048
179    1.5982559103414296
180    1.2243605668727493
181    0.13217557620972042
182    1.9580120327733879
183    1.2170446817963045
184    0.4433645731419761
185    2.2692426815000646
186    1.1975420209279943
187    0.7801902898204944
188    2.516455841198139
189    1.166206869166823
190    1.1251907811560775
191    2.6862218001261917
192    1.122901563524786
193    1.4594422441659234
194    2.767862132200251
195    1.067058298368255
196    1.7635654935871847
197    2.754076566589469
198    0.9978348538323711
199    2.018827129713037
200    2.6414756011430436
201    0.9143531897460796
202    2.208275951610441
203    2.4309851397589326
204    0.8159994214146707
205    2.317846955700245
206    2.1280891537834794
207    0.7027541344085078
208    2.337360359274993
209    1.742877947570397
210    0.5755143593409922
211    2.2613423631451983
212    1.2898736231929975
213    0.4363638659318132
214    2.089598549677907
215    0.787611302558889
216    0.2887476935252701
217    1.8274804127521045
218    0.25796494206677073
219    0.13751073754662616
220    1.4858007257364512
221    -0.2747797131608506
222    -0.011230854752554684
223    1.080374048932576
224    -0.7850855587423992
225    -0.15040282093267288
226    0.6311839396922581
227    -1.2475189572671264
228    -0.2724695142115974
229    0.1612070877974795
230    -1.638238995185466
231    -0.370091818889606
232    -0.3050451745303908
233    -1.9365403537235664
234    -0.436900946869697
235    -0.7431780923620379
236    -2.126350294165786
237    -0.46832078355927165
238    -1.130641630921513
239    -2.1975661100918193
240    -0.46235295306388735
241    -1.4484003363293907
242    -2.147112297588247
243    -0.4202266234981102
244    -1.682399764279194
245    -1.979599036613459
246    -0.3468119546363413
247    -1.8246864212829077
248    -1.707477331746338
249    -0.25070419626324947
250    -1.874054163449699
251    -1.3506125200085766
252    -0.14390610866258552
253    -1.836120680146251
254    -0.9352368835594872
255    -0.04106970622614985
256    -1.7227824045486178
257    -0.49229244717351883
258    0.0416970878576256
259    -1.551052616041198
260    -0.055233712973570326
261    0.08840054615370896
262    -1.3413515278049117
263    0.34257755798234146
264    0.08499357013397657
265    -1.1153829964612305
266    0.6706935116558439
267    0.02130282628064517
268    -0.8937929991521587
269    0.904375114763262
270    -0.10716006845143977
271    -0.6938522697686441
272    1.0270858051143008
273    -0.29773929375041475
274    -0.5274315919494005
275    1.0324006781035338
276    -0.5397642523048113
277    -0.3995364016184415
278    0.9250701945975921
279    -0.8144755058999604
280    -0.3076329335145115
281    0.7210331188762364
282    -1.095894181989069
283    -0.2419298073165141
284    0.446262210771312
285    -1.3526905232058328
286    -0.18667950992746773
287    0.13444328692537386
288    -1.5509915405725387
289    -0.12244119485825516
290    -0.17637588392764547
291    -1.6579382153571403
292    -0.029111742687557562
293    -0.44788972554983925
294    -1.6456741454531825
295    0.1105977971502915
296    -0.6459868445415127
297    -1.4953376719719584
298    0.30766985541526204
299    -0.7450483435529937
300    -1.2005570978680642
301    0.5637660160553876
302    -0.7315448560473033
303    -0.7699308609145368
304    0.8691904594741695
305    -0.6064039160150744
306    -0.22802428123081986
307    1.2022669149853051
308    -0.38571240175636323
309    0.385462688072227
310    1.5304280072285943
311    -0.09948538344120894
312    1.0185105734657411
313    1.813113459552102
314    0.21153856817461325
315    1.6114868919699745
316    2.0063242177647274
317    0.5008474008402254
318    2.103379986543035
319    2.068412491674819
320    0.7223480183357472
321    2.43893180724119
322    1.9664405484913374
323    0.837056904103136
324    2.575826310639665
325    1.6822552937249444
326    0.8193787380536658
327    2.49096557747009
328    1.2173406348342697
329    0.6620098799185719
330    2.1848658504170664
331    0.5955557662048797
332    0.3785900008054692
333    1.6833510541816779
334    -0.1369405411025622
335    0.0034592834872216316
336    1.0360127195762594
337    -0.9149485609902952
338    -0.4117539130233216
339    0.3113195190496936
340    -1.6605990976580292
341    -0.804528270056826
342    -0.4112506688462034
343    -2.2922755877022576
344    -1.1101465060916524
345    -1.0511864352193183
346    -2.735052407324596
347    -1.2715634667151816
348    -1.5377336552714267
349    -2.9312451588730863
350    -1.2489925695296302
351    -1.8199416341553354
352    -2.849479539896338
353    -1.027637224792434
354    -1.8743610629480951
355    -2.490736214481227
356    -0.622124665872033
357    -1.709009130853511
358    -1.8901460122762832
359    -0.07659464522861076
360    -1.3626966601575874
361    -1.1138748943737404
362    0.5399787690714185
363    -0.8995025902224223
364    -0.25118527189200873
365    1.1428788304430864
366    -0.3989862807130472
367    0.5974207129914519
368    1.6439947515658144
369    0.05648421283238869
370    1.3343197312520014
371    1.9655854457813744
372    0.3952877543364496
373    1.8789572305748088
374    2.0531925275123015
375    0.5686708616591146
376    2.179728175364929
377    1.8853880754846022
378    0.5591972261203998
379    2.221399748940904
380    1.4784248888327232
381    0.3838047236312727
382    2.026585930547733
383    0.8846467565916045
384    0.09064467480729052
385    1.6507885415431245
386    0.18460389786388332
387    -0.24998161725212398
388    1.1717070519502677
389    -0.5259820206708457
390    -0.5590954195846868
391    0.6746675536750912
392    -1.152182373510312
393    -0.7644525240001704
394    0.2368869611400295
395    -1.6158193899978706
396    -0.8148795395852163
397    -0.0863408752478364
398    -1.8683174212491125
399    -0.690567294830787
400    -0.27070498869209747
401    -1.8978278144338008
402    -0.4070455879553767
403    -0.32523661614448596
404    -1.7290898455498953
405    -0.011809041603594805
406    -0.28740119424463806
407    -1.415990139365143
408    0.42586527981672295
409    -0.2119610087424879
410    -1.0283962799585484
411    0.8298045350314854
412    -0.15612228724246258
413    -0.6361991873990487
414    1.133242613199038
415    -0.1644621692246494
416    -0.2942536715828691
417    1.2927674062181562
418    -0.25733160898212215
419    -0.03181577316102868
420    1.296547730864138
421    -0.42572503817400253
422    0.15091779240676595
423    1.1647527137025289
424    -0.6340888031308496
425    0.2782898860904238
426    0.941981857858166
427    -0.8305239057003293
428    0.3878840217414129
429    0.6836170600657032
430    -0.9618113948331766
431    0.5155566527241854
432    0.43974429535985105
433    -0.9892009702514242
434    0.681109998142569
435    0.24115860454960192
436    -0.9004249054973322
437    0.8789931709841831
438    0.09162623338242726
439    -0.7141757189599214
440    1.0772326879820353
441    -0.031002060707215645
442    -0.4752341291811954
443    1.2255441558041709
444    -0.16473070702735187
445    -0.24111675315798337
446    1.2708080391306904
447    -0.3470955409420218
448    -0.0638149471145425
449    1.1755780212858924
450    -0.597509979898795
451    0.027905245140651735
452    0.9338373238980208
453    -0.9041708638867999
454    0.039770834115697484
455    0.5784224577610727
456    -1.2206026225943067
457    0.01239088099926744
458    0.17655948216328793
459    -1.474353675475868
460    0.009370240969617805
461    -0.1865866398519851
462    -1.5866186207217492
463    0.09567151243489613
464    -0.4324791608951891
465    -1.497695556383496
466    0.3123797365237684
467    -0.5147695283814894
468    -1.1904622339027808
469    0.6561153086326085
470    -0.4373845380328868
471    -0.7035583834947509
472    1.0709488083128962
473    -0.25799535217349934
474    -0.12821583638343104
475    1.4575369486516134
476    -0.07367966568251982
477    0.4126453476210854
478    1.6989564169369655
479    0.008754927725829253
480    0.7985575453422311
481    1.6968356927941295
482    -0.09035111038654875
483    0.9491544521946166
484    1.4068251301478325
485    -0.39126483512831944
486    0.8529599683957466
487    0.8610285951370384
488    -0.8391788040320937
489    0.5762625372032117
490    0.1677683532541091
491    -1.3128865389795341
492    0.24646516448334788
493    -0.5143339440471693
494    -1.6580477171514107
495    0.01258352782782144
496    -1.022269990018703
497    -1.7364798243066257
498    -0.005880138838015081
499    -1.2409083740626001
500    -1.475923204243916
501    0.2352539649947577
502    -1.143836085731407
503    -0.9024349438345111
504    0.681576274981286
505    -0.8068566079892713
506    -0.14158736443530695
507    1.1904719573630742
508    -0.38630205808221485
509    0.61555216486212
510    1.5750806240117778
511    -0.0665002212724894
512    1.1729724145217804
513    1.669042425939975
514    0.007069971243823359
515    1.3969986668377932
516    1.3897441463902978
517    -0.21500804051627131
518    1.265614784639291
519    0.7757544473736468
520    -0.6614034474516287
521    0.8793684789945321
522    -0.018487651617832834
523    -1.1604546384986392
524    0.42636679101228425
525    -0.7725268801088546
526    -1.501543901177272
527    0.11148996592589455
528    -1.2783328702086383
529    -1.516226434789949
530    0.07551748876023257
531    -1.4181060288128375
532    -1.1476713532084473
533    0.3364708561757963
534    -1.2097297980242958
535    -0.47889085470234993
536    0.7790614151675425
537    -0.7989644689697464
538    0.29489663649973863
539    1.1997751745042615
540    -0.39858075374200264
541    0.941512551965135
542    1.3914868169899226
543    -0.19785926715852875
544    1.284803323516714
545    1.2326703852657452
546    -0.2808569630061035
547    1.2753111020493622
548    0.741606173287813
549    -0.5905475273316534
550    1.006013903410019
551    0.06940647759078666
552    -0.957036173701322
553    0.6641152453505421
554    -0.5671425788604145
555    -1.1786640825086028
556    0.43993389609206723
557    -0.9828315137938194
558    -1.1183815960441867
559    0.4361403908498476
560    -1.104762928628238
561    -0.7681024883061953
562    0.6226053245791465
563    -0.9960105469239073
564    -0.24780151443090703
565    0.8606306309989517
566    -0.8095723124403895
567    0.26097974364150534
568    0.9843127648026004
569    -0.6970273992529938
570    0.6117881240969527
571    0.8946159021819664
572    -0.722708209048344
573    0.765949387200459
574    0.6122679259196813
575    -0.8334645573024513
576    0.7984740052436404
577    0.2571424671261423
578    -0.9033549999929664
579    0.8325915074138802
580    -0.03480762990533748
581    -0.8268439532448099
582    0.9433376990329839
583    -0.20497423621338795
584    -0.6001842527191301
585    1.0946113443744394
586    -0.31195080013096416
587    -0.33248717790323373
588    1.1580796168419216
589    -0.48372315531399235
590    -0.17010647870581963
591    1.0104132217156945
592    -0.806374461937044
593    -0.17850708478822097
594    0.6470997637257293
595    -1.2247281074417362
596    -0.26556442828365734
597    0.22668477291251954
598    -1.5364232744960717
599    -0.21623289805812526
600    -0.006333409868799322
601    -1.507503591609254
602    0.16100875591466945
603    0.10947630011287635
604    -1.050466195683418
605    0.8619469432065856
606    0.49955904489264924
607    -0.3420352724119389
608    1.6170640771050466
609    0.8404974134075025
610    0.22808910890280587
611    2.0078890328114176
612    0.7360614450596384
613    0.2850588775489066
614    1.731505261268472
615    -0.0013703525856979537
616    -0.2529037403760578
617    0.8514955205061148
618    -1.1506024896119968
619    -1.043843787580446
620    -0.15830379610141965
621    -2.1353555139250755
622    -1.474753471547793
623    -0.6617278601186024
624    -2.354015175724602
625    -1.0506357994590896
626    -0.2824763901543636
627    -1.6020764766629652
628    0.21869232988381954
629    0.7773976083411376
630    -0.2906772071692928
631    1.725396163753764
632    1.7836659290442851
633    0.7448921015676352
634    2.593760194620833
635    1.917810569890189
636    0.7814833582014354
637    2.2649288805256815
638    0.8621954374897205
639    -0.2542513807359183
640    0.938634977790827
641    -0.8978609555387611
642    -1.6546156117003783
643    -0.4865868034031936
644    -2.329680120738084
645    -2.3675000157992976
646    -1.0021714886341133
647    -2.549943118146892
648    -1.742962422606412
649    -0.22357202105022111
650    -1.4811519742354062
651    -0.04955383219985417
652    1.2830720311250448
653    0.047139473688589506
654    1.6675007028083604
655    2.3787940389764914
656    0.8851209424044624
657    2.3350009133521796
658    2.1959561600625634
659    0.42722138139344945
660    1.6571670953666104
661    0.806160395154575
662    -0.9220115272827492
663    0.3321407697635162
664    -0.8386310607357542
665    -2.0787897980469734
666    -0.5217805496977136
667    -1.6701221882159984
668    -2.1587474239077435
669    -0.27273842150555516
670    -1.3480790926444433
671    -1.1714875453385898
672    0.7507862797637722
673    -0.46544409330103054
674    0.06545091179661511
675    1.6257044073339284
676    0.05551603861945617
677    0.702463186157438
678    1.6937108165021975
679    -0.19120572534829583
680    0.5949971356496294
681    1.1046145789075754
682    -0.8070791101305884
683    0.3066629556268866
684    0.5357734761295904
685    -1.1148579526802938
686    0.40776571832438024
687    0.4048182587147175
688    -0.927465411238516
689    0.8276446171944748
690    0.42939511474063413
691    -0.7181178996470758
692    0.981351209882381
693    0.03564924917266454
694    -0.9815296174744984
695    0.5520669195390626
696    -0.8269228105621296
697    -1.5040010428978543
698    0.02368346665408516
699    -1.4403529517558513
700    -1.4566118172589726
701    0.2418790410311936
702    -1.0609592808375161
703    -0.351358781492222
704    1.36861583565593
705    0.09121647352171569
706    1.1743193342625609
707    2.429116736956888
708    0.8000326203873277
709    1.7826725991372456
710    2.166219583958046
711    0.04796430099620089
712    0.8290347139884615
713    0.45104199291027147
714    -1.74890966924505
715    -0.7588798286327754
716    -1.3370285669933013
717    -2.939951425576134
718    -1.2630262764293487
719    -1.6005613208043588
720    -2.2861820681598357
721    0.030895095719004062
722    -0.2293025635835387
723    -0.339170091333943
724    1.9808063259155009
725    1.2060552254875363
726    1.0713604183213916
727    2.753713895343068
728    1.1244308770019609
729    0.7915591854807966
730    1.792899049044867
731    -0.3634142748817566
732    -0.4620914517254002
733    0.3293891639384597
734    -1.7024429605742404
735    -1.0712788552868855
736    -0.1630970859123806
737    -1.780164950274142
738    -0.45408208564967995
739    0.33944912675652306
740    -1.11164543340858
741    0.4395345739084653
742    0.6736814710499535
743    -0.8730591340525418
744    0.6270222204247841
745    0.2565069548957746
746    -1.1754880300643415
747    0.47243161873866035
748    -0.1324386213594685
749    -1.0228874806102337
750    0.9747461439329483
751    0.3069157613256902
752    -0.0391519744409381
753    1.9796914335114164
754    0.8914996214742898
755    0.6214844528594465
756    2.0701566489695766
757    0.21153319122024322
758    -0.19669720500723864
759    0.6194936179960754
760    -1.6529923464337686
761    -1.6823982744844268
762    -0.8796375647624082
763    -2.7372303130783333
764    -1.7312518511471433
765    -0.5050941017488862
766    -1.650791878489302
767    0.22916641343708705
768    1.3943394924999617
769    0.3411010701077848
770    2.1830626906233395
771    2.4010892736233895
772    0.7931670401320092
773    2.057152815661451
774    1.1923070054911706
775    -0.673777602963475
776    0.4673158232151096
777    -0.7192761913408572
778    -1.9649668898302766
779    -0.2910208848597813
780    -1.231663914993323
781    -1.5731638612619931
782    0.4613069299905056
783    -0.5537381259929746
784    -0.5247194169317854
785    1.1639663917553353
786    -0.4025762247716881
787    -0.33646953799774043
788    0.8552694802867292
789    -0.983848840983174
790    -0.46798672698340904
791    0.6893692281473218
792    -0.84265634367704
793    0.42283660986179417
794    1.551654727137691
795    0.16306851882175466
796    1.6091161300468322
797    1.9791405667809907
798    0.10752082462591382
799    1.11355994072148
800    0.44487630969121267
801    -1.7043028419275905
802    -0.6895383749017046
803    -1.5588210871635897
804    -2.91757438556586
805    -1.0170471596120743
806    -1.3490891140213146
807    -1.5415451181596538
808    0.9975857627760261
809    0.6211966338798508
810    0.6779416336561095
811    2.6637206831239273
812    1.2727025647346717
813    0.8694229625950123
814    1.9214587091681694
815    -0.22948632244339295
816    -0.47605332204952333
817    0.44722581623812663
818    -1.448883644155322
819    -0.7773393329279756
820    0.39361220823063986
821    -1.142177460600724
822    0.042609947077179244
823    0.7710240243571026
824    -1.0322673424447504
825    0.04203925124599861
826    0.03309369723736688
827    -1.817746372958179
828    -0.4101032374718665
829    -0.4270487235407773
830    -1.4797422948791352
831    0.7468255059122809
832    0.8916812304682756
833    0.3816964459759751
834    2.5696141791560456
835    1.8365430915698449
836    0.8223530406054896
837    2.0250869322110447
838    0.07125056770884332
839    -1.1937152463213851
840    -0.2698530649246006
841    -2.186149162276539
842    -2.3494537047260966
843    -0.6390164195419421
844    -1.7594037770174897
845    -0.7496904833025011
846    1.124419369014905
847    -0.13318156417263993
848    0.8307826102818259
849    1.735215569617452
850    -0.24617160198594934
851    0.5185705685315574
852    0.8353089295780189
853    -0.9774070172606689
854    0.4463571328348647
855    0.8621154713308792
856    -0.41427078422549213
857    1.3595986823503325
858    1.1694053710528918
859    -0.416769771773211
860    0.7929891669754132
861    -0.4435834730831618
862    -2.1410587967087915
863    -0.8398459328387959
864    -1.9159232856501696
865    -2.372439418775768
866    -0.01933260219456917
867    -0.4204719705498347
868    0.1169313617386405
869    2.443788724485806
870    1.3217139581540642
871    1.3371930667682514
872    2.3675553068543476
873    0.07131320417826748
874    -0.16935690922866398
875    0.45429764375280934
876    -1.5880932110972323
877    -0.7860854107460211
878    0.2762016159028626
879    -1.1883304263610526
880    0.16624664597539984
881    0.6905401808984637
882    -1.1658327701595712
883    -0.09137917082949476
884    -0.3295224568516025
885    -2.0285542442357296
886    -0.3215949401450151
887    -0.1821895606424641
888    -0.7729782850373176
889    1.7329323496493585
890    1.7147645070099529
891    1.056752727334856
892    2.70221588601869
893    1.138166299154943
894    -0.3385010193272249
895    0.46795507687980975
896    -1.5765562812528024
897    -2.2113109234776247
898    -0.5820247430286916
899    -1.7177940622873349
900    -0.9906304029243203
901    0.9524328395234616
902    -0.3744327922578162
903    0.23077842093596063
904    1.1719315955247962
905    -0.8532588233554552
906    -0.1554953122865702
907    0.6526957037137314
908    -0.7902984107130306
909    0.9022318214874578
910    1.8080054874912572
911    0.45734398474131854
912    1.8366064451420296
913    1.3515954838164508
914    -0.9390618238156336
915    -0.22386616403473247
916    -1.3547267375857033
917    -2.925598311469847
918    -1.0305453677855914
919    -1.1805869596942227
920    -1.2406438867623963
921    1.345473411477383
922    0.8215095823543938
923    0.4388810855945085
924    1.9362483283194298
925    0.16845797209447289
926    -0.38402975666951966
927    0.9814670690700679
928    -0.49918524195784875
929    0.02927573433483366
930    1.6718178658792522
931    0.07832473922925438
932    0.4556302372627832
933    0.9015550571405119
934    -1.6527205536397824
935    -1.4194652140754571
936    -1.1157069887990412
937    -2.7261994549351165
938    -0.8357484333591929
939    0.429664445154475
940    -0.21840615728101223
941    1.9642396559778157
942    2.0919853656203236
943    0.392808042495586
944    1.47059010587383
945    0.3763624156882813
946    -1.1946740371181774
947    0.48040492199227663
948    -0.13927408746765327
949    -0.6684065039896128
950    1.2374351079076873
951    -0.08119679890286502
952    -1.0371239192225108
953    -0.007485858725882255
954    -1.932739054649794
955    -2.1184438511226737
956    -0.19751091528577486
957    -0.9527321352922853
958    0.3898184942630422
959    2.4970981825064
960    1.1341934536536549
961    1.612937631971146
962    1.9037270305738234
963    -0.6990989991980394
964    -0.34268712891468106
965    -0.022681762336115213
966    -1.6200178606516318
967    0.04750331165301336
968    0.576321615709407
969    -0.9796169090601672
970    0.2482703007026289
971    -0.42861619459267797
972    -2.215207127246547
973    -0.5620052130273203
974    -0.636492401245373
975    -0.8310493660885363
976    1.9335700166516068
977    1.7594157330925706
978    1.177406528285545
979    2.468749096094566
980    0.37686070556432555
981    -0.9385849238042866
982    0.06549377767648167
983    -1.5476929419962355
984    -1.251103042246406
985    0.6595403305844011
986    -0.6833653925261515
987    -0.3286699874009742
988    0.5048033636305491
989    -1.6855866374946533
990    -1.1056507505801825
991    0.07408999368542663
992    -0.9179993875530381
993    1.1609733470429688
994    2.466454298332083
995    1.004300243908571
996    1.9420913437552683
997    1.1561638240715602
998    -1.4023097829802342
999    -0.5188042017670385
1000    -0.9233478443392475
1001    -1.8922768151805585
1002    0.3612239234971376
1003    0.1019379383996214
1004    -0.9255120013955587
1005    0.4893139563873772
1006    -0.8931701283526848
1007    -1.6648327186409704
1008    0.4765413719227932
1009    0.05289075957475475
1010    0.7093570180465236
1011    2.9137770917677446
1012    1.3365968112148
1013    0.7080123375115132
1014    1.0363407978943417
1015    -1.5935699825664327
1016    -1.5545978855209581
1017    -0.2623647572798362
1018    -1.4821732938145282
1019    -0.11534111029601524
1020    0.860492539734032
1021    -1.1439978629039769
1022    -0.4098425934891422
1023    -0.1925482992298821
1024    -1.572890046373851
1025    0.650813262021461
1026    1.684392314569104
1027    0.8753314047135183
1028    2.5100136905352737
1029    1.4690976674000062
1030    -0.8757029830519416
1031    -0.11867320242731672
1032    -1.2714742065995335
1033    -2.0182971136300596
1034    0.315796952439963
1035    -0.2313262642732029
1036    -0.7213728310209293
1037    0.6582283638358655
1038    -1.1257754779541196
1039    -1.465459630386734
1040    0.5484294738180475
1041    -0.07851036772956244
1042    1.0904003069822226
1043    2.950810201694159
1044    0.9854464637330347
1045    0.6287762916435459
1046    0.5713551860543418
1047    -1.9672552336982565
1048    -1.1632709543679223
1049    -0.003144535183265962
1050    -1.1843135287415674
1051    0.2880166042131005
1052    0.396953664463909
1053    -1.7435418353569252
1054    -0.5672857460369803
1055    -0.3180574776490882
1056    -0.8738829126717695
1057    1.8746135571295088
1058    2.167126616851991
1059    0.916584776830467
1060    1.8498418214463457
1061    -0.05193504460377807
1062    -1.7309148898808395
1063    -0.13288598816187097
1064    -0.8547468285903257
1065    -0.8517704255778392
1066    0.976649192394014
1067    -0.7844936345543856
1068    -1.4996796248664157
1069    -0.27325880115989054
1070    -1.4841812896778126
1071    -0.1933190319032536
1072    2.2510136074611444
1073    1.1829426783334815
1074    1.6370715252538584
1075    1.7373899646620843
1076    -1.0600003305269128
1077    -0.6476364715738889
1078    0.0772902216761194
1079    -1.183773394743072
1080    0.4198574340187283
1081    0.46726788237334893
1082    -1.803642393940104
1083    -0.9036590421787593
1084    -1.0418136590566007
1085    -1.6432414546591616
1086    1.2862627052636555
1087    1.7987617123296298
1088    0.9218385806942097
1089    2.0894324469989676
1090    0.2708429661482712
1091    -1.179137729550541
1092    0.5443986916398987
1093    -0.2208425602591777
1094    -0.3265279356877643
1095    1.0730379024185999
1096    -1.177084608678342
1097    -2.0420476400231378
1098    -0.7777618044355469
1099    -1.7256389938544974
1100    -0.11028157955931961
1101    2.222649014143435
1102    0.8251918344961381
1103    1.079360466791497
1104    1.2008398003414968
1105    -1.0289906908682704
1106    0.19964464152960693
1107    1.2598703316218132
1108    -0.23577841299900787
1109    0.6104612251353566
1110    -0.2637320793674345
1111    -2.763012934977626
1112    -1.3473654004420184
1113    -0.7601199194251098
1114    -0.8453564588314788
1115    1.780686482780529
1116    1.295167258622244
1117    -0.28791784156515476
1118    0.9419347101369404
1119    0.019710162463856595
1120    -0.1188193678664472
1121    2.1608972925546928
1122    0.7772690392842098
1123    -0.5233500704289169
1124    -0.17473413007081295
1125    -2.4226464252997797
1126    -2.1202519837482137
1127    0.311408713327072
1128    -0.35399735677421906
1129    0.42815329400099245
1130    1.2396315145509005
1131    -0.9757398920705671
1132    -0.08242401363532659
1133    1.502816858442574
1134    0.5831611506607138
1135    1.8808326482138487
1136    1.534323400332188
1137    -1.5013896649984602
1138    -1.1000114924432078
1139    -1.0555377958708818
1140    -1.8260002639401973
1141    0.5669526549221215
1142    0.43617074093583486
1143    -1.2895898544584237
1144    0.020556339705752297
1145    -0.3652628259253127
1146    -0.3051384064898863
1147    2.553526896577204
1148    1.8309397717950482
1149    0.4244979627417155
1150    0.8500731239408336
1151    -1.3399199981224017
1152    -1.5585889732386244
1153    0.6344816205950319
1154    -0.520419495822847
1155    -0.7126135080872058
1156    -0.09458308879768673
1157    -2.134777657455961
1158    -0.9750767785537636
1159    1.4621567273682399
1160    0.8209871783134621
1161    1.825507051042814
1162    1.7463291280000286
1163    -0.9990636711706233
1164    -0.13264858974407423
1165    0.6632282725539058
1166    -0.5467640654037413
1167    0.636882027405636
1168    -0.35803139312525256
1169    -2.7614491484175145
1170    -1.1119465556628412
1171    -0.4161613703876442
1172    -0.2665859029969598
1173    2.133077803824036
1174    1.02794761190351
1175    -0.6057346621940215
1176    0.93153675770066
1177    0.3717776342019858
1178    0.4569721629469389
1179    1.9971534437755223
1180    -0.4988518473294187
1181    -1.9910842029383171
1182    -0.9396777302751272
1183    -1.8428539419327246
1184    -0.45109603587311475
1185    1.4915967177626677
1186    -0.48857798110968287
1187    -0.4102340088868286
1188    0.715020358394767
1189    -0.13133437264417136
1190    1.793127045714296
1191    2.4891620536953276
1192    -0.36890478849508174
1193    -0.5076809170873069
1194    -0.7958243592797976
1195    -1.9413523844029639
1196    0.33105403660335153
1197    0.3737959426030816
1198    -1.6638912231913385
1199    -0.5116445658202483
1200    -0.5223371560263895
1201    -0.3303021745835031
1202    2.596900219789684
1203    1.7909415068251517
1204    -0.06627589832824388
1205    0.6379581543591808
1206    -0.6857641338635059
1207    -0.5968448013361137
1208    1.3495265609775595
1209    -0.7280002580618945
1210    -1.9294978169052057
1211    -0.8824826948040778
1212    -1.6732226897414673
1213    0.12043609201551722
1214    2.2621260621495716
1215    0.25166396231261906
1216    0.16199004488449809
1217    0.9108408170031759
1218    -0.21737037658669545
1219    1.434676426899871
1220    1.6284735872831964
1221    -1.4732746720236474
1222    -1.3690500043443765
1223    -1.1477643065516223
1224    -1.6736940918167393
1225    0.8094420980747068
1226    0.6081806375984184
1227    -1.3575157395062982
1228    0.2858323949682817
1229    0.7018750556051956
1230    0.7955043844943225
1231    2.698728427471313
1232    0.6422811941100932
1233    -1.4840708920622447
1234    -0.14830291976990284
1235    -0.7649929272663221
1236    -0.6145206401644252
1237    0.6106600804738703
1238    -1.7691868279949918
1239    -1.9170699116633003
1240    0.6563706493975217
1241    0.5255431872014045
1242    1.4813966187301921
1243    1.9444440906471847
1244    -0.7738153176232854
1245    -0.08440765663950678
1246    1.4491406633625423
1247    -0.11505469576468688
1248    0.020782180686966467
1249    -0.8458756343530399
1250    -2.9378050719088935
1251    -0.5623336125972312
1252    0.8910966015851675
1253    -0.28629906864144383
1254    0.7123301051395736
1255    0.1215085361855629
1256    -0.4601938860590242
1257    2.348791191430552
1258    1.7899485811557065
1259    -0.5007932307281635
1260    -0.18421716038091174
1261    -1.4498327682621541
1262    -1.321873468406443
1263    0.963764062034418
1264    -0.7980503273974323
1265    -1.852467327920947
1266    0.028013528302968854
1267    -0.03858491263275815
1268    1.3298425862338608
1269    2.5807731659233424
1270    -0.2661695228049632
1271    -0.4878560056185668
1272    1.040580010203846
1273    -0.17042617498706325
1274    0.14579869766341902
1275    -0.4431727245697962
1276    -2.930871617609089
1277    -0.9444256128126008
1278    0.9630708258031242
1279    -0.12443602191221817
1280    0.7349270792298161
1281    0.3362678428954572
1282    -0.4793552382510794
1283    2.223159712105111
1284    1.8396395617611785
1285    -0.8326651329683463
1286    -0.4795405000096451
1287    -1.2042780139671052
1288    -1.219967969621489
1289    0.8728570631358123
1290    -0.9107339985757903
1291    -2.038773833291917
1292    0.5086153847704498
1293    0.797961765317622
1294    1.292569549526538
1295    2.0141315042184385
1296    -0.6530401254998282
1297    -0.4611517657552813
1298    1.5908942061155595
1299    -0.23209623598646778
1300    -0.9956964955383464
1301    -1.049736941956763
1302    -2.3374223335492474
1303    0.07433822347562513
1304    1.5391873393907909
1305    -0.728009224815926
1306    0.03828670249181776
1307    1.1368547279253185
1308    0.6850383071375952
1309    2.083892631581305
1310    0.526344011067512
1311    -2.1845924427146572
1312    -0.307946492910898
1313    0.12291052645724887
1314    -1.1494379808121424
1315    -0.3789698949390815
1316    -1.3828045069863841
1317    -0.8972643744775235
1318    2.393271861622915
1319    1.3130884910518
1320    -0.2878412401257002
1321    0.912207465132306
1322    0.20134712273651179
1323    0.48697656539100903
1324    0.9284929841770753
1325    -2.227605629032034
1326    -2.1136401912934497
1327    0.45312092195944964
1328    -0.35469696993055333
1329    -0.12443454066306077
1330    0.3280582539246499
1331    -0.6431982346761366
1332    1.7856446153824168
1333    2.5636320647561397
1334    -0.5960630999077129
1335    -0.485721457352694
1336    0.07985533828214492
1337    -0.8333631089114988
1338    0.16071691716466874
1339    -1.1904795725105026
1340    -2.5649128016524387
1341    0.7022391426269162
1342    1.4583446545287952
1343    -0.017048209547106064
1344    0.8906141284993272
1345    0.3534416036250546
1346    0.5798303311074
1347    2.0959842424569843
1348    -0.7774095654744577
1349    -2.332588216839134
1350    -0.06098641149741035
1351    -0.4791608643236795
1352    -0.7439162415715903
1353    -0.08643084761805642
1354    -1.229078326727613
1355    0.8390023729609684
1356    2.853740395760187
1357    0.09619327415739709
1358    -0.29157846837058055
1359    0.9168791536468794
1360    -0.19140262092378943
1361    0.12304618705394843
1362    -0.8928145429381837
1363    -2.8075623220972274
1364    -0.010854702232618751
1365    1.1890378530089283
1366    -0.8673851955711244
1367    0.2234738754208686
1368    1.005376756552909
1369    0.905907694631094
1370    2.0862922335043934
1371    -0.2282466275041451
1372    -1.8956775897294926
1373    0.6628340086678076
1374    -0.0715225253028079
1375    -1.9156408372513276
1376    -0.7928402170603953
1377    -0.7539741275716719
1378    0.5428534892203857
1379    2.0956373860968025
1380    -0.3793987802971993
1381    -0.1235953521199975
1382    2.36615684436255
1383    0.4425449937536952
1384    -0.8959922483731503
1385    -0.7246946787105433
1386    -1.617609288243841
1387    0.028560539892599657
1388    0.2213588303582643
1389    -2.1362225878056957
1390    0.18444932020165777
1391    2.3291696559152046
1392    0.531749610649217
1393    0.593769093214567
1394    0.44160328175657615
1395    -0.21817827750089608
1396    1.1060248405377742
1397    -0.9013402651163778
1398    -2.8962910572894387
1399    0.08034262124859992
1400    0.4970071281922893
1401    -0.9965722691150473
1402    0.3260384596667963
1403    0.542937151727668
1404    1.2181567229561194
1405    2.191693474885087
1406    -0.735111653125115
1407    -1.0837112809323224
1408    1.30593778479538
1409    -0.7859537845271756
1410    -2.1061546596427903
1411    -0.6004067383943157
1412    -0.5356130694537622
1413    0.7681598044192296
1414    1.0398384670531053
1415    -0.8311306121390774
1416    1.3808349836461211
1417    2.5201498726161473
1418    -0.8580793795911883
1419    -0.9470630381062551
1420    0.06516448424292265
1421    -0.9622728821049839
1422    -0.4886140392196081
1423    -1.2014925595069443
1424    -1.2897791683700643
1425    1.986934651466654
1426    1.2494351239344628
1427    -0.9222683590097808
1428    1.425570848388138
1429    1.5501740242146878
1430    -0.4454364059406719
1431    -0.4886463362517952
1432    -1.4690775146462647
1433    -0.8216520626146115
1434    0.6229458673722099
1435    -1.6787680898790072
1436    -0.9542816803393896
1437    2.4552876112208675
1438    0.9156298145832651
1439    -0.1814424559223483
1440    1.1132283292786929
1441    0.31856166668330993
1442    0.20071401602804406
1443    -0.636050242387577
1444    -2.483502059025202
1445    -0.06165622706611962
1446    0.8057144493778654
1447    -1.81980327753189
1448    0.12841229934425752
1449    2.2442445244399973
1450    0.6281761476640012
1451    0.5692203534497847
1452    0.2424196754409088
1453    -0.3012716124979694
1454    0.6595467193585974
1455    -1.5417113603064956
1456    -2.470231353710881
1457    0.9510478918240889
1458    0.288223669947698
1459    -1.3682367726757965
1460    1.219702201120469
1461    1.6546899398845725
1462    0.6603465356425302
1463    0.618132476944633
1464    -0.7868996043550243
1465    -0.07720124400772699
1466    0.3962021438600969
1467    -2.5839808657391394
1468    -1.2953402542289252
1469    1.606904873378019
1470    -0.4433286873075448
1471    -0.3710902421851834
1472    1.8328061646162124
1473    1.042598288553072
1474    0.6539969160775203
1475    -0.1529234036398515
1476    -1.205470418829029
1477    0.45301340840713655
1478    -0.7728931697285303
1479    -2.736583645500658
1480    0.6348313617748191
1481    1.3880123440171335
1482    -0.9064254778578461
1483    0.9345788682091447
1484    1.8373368326457666
1485    0.3706940025165567
1486    0.16236121973639192
1487    -0.9783842170533705
1488    -0.7335208911305634
1489    0.2815065831640897
1490    -2.0774688850981695
1491    -1.1932827413540505
1492    2.1512961725942144
1493    0.14167881415717565
1494    -0.4809759490083295
1495    2.197011823237694
1496    0.9123913960253532
1497    -0.5867940307740026
1498    -0.33794818901808915
1499    -1.028715202419042
1500    -0.3402459235690317
1501    -0.7735813810059378
1502    -1.789329573939002
1503    1.3056576266289708
1504    1.676162492487566
1505    -0.9959771515634235
1506    1.3176397053351985
1507    2.1186428296989415
1508    -1.185082715886834
1509    -0.8344624181897288
1510    -0.06385958710660233
1511    -1.1701223669534109
1512    -0.7341422554097201
1513    -0.7630384924605167
1514    0.2790579662719121
1515    1.9617086941704853
1516    -0.09745728905441464
1517    0.11368656294140955
1518    2.4631337334696433
1519    -0.6593171910401037
1520    -2.0918819531512924
1521    0.6401994555473652
1522    -0.7865278341316435
1523    -1.913187941967208
1524    0.37770455404045844
1525    0.665596907419709
1526    0.7415996161201588
1527    0.9257813997875802
1528    0.23898728402661817
1529    1.3024100043793716
1530    0.0369599909279594
1531    -2.3402454337163374
1532    0.09438339649373517
1533    0.12366311724826362
1534    -2.5273092401676367
1535    0.4461353338179713
1536    2.0251851089572845
1537    -0.45900329172276133
1538    0.7868617892936051
1539    1.709966939661638
1540    -0.23099977011517306
1541    -0.540938527642784
1542    -0.9089076189368758
1543    -0.8652986040542355
1544    -0.20494059242270002
1545    -1.3925710665136024
1546    0.1533517973387616
1547    2.282463722312375
1548    -0.3043038538496725
1549    0.18101461962697651
1550    2.5171858342494047
1551    -0.9034530922232973
1552    -1.8299145346292107
1553    0.7234242418710799
1554    -1.1608877524175443
1555    -1.7517784143289112
1556    0.7121005126872042
1557    0.5894871514665619
1558    0.5484264333305159
1559    0.9939771111411251
1560    0.601094688189691
1561    0.9319903876340306
1562    -0.6892056395056769
1563    -1.6796221498443882
1564    0.4175556954899322
1565    -1.0042042687113157
1566    -1.9929735034611027
1567    1.7918226695113713
1568    1.0653319476577798
1569    -0.9381000976086806
1570    2.149552380342681
1571    1.2826574463194111
1572    -1.7433219492550638
1573    0.018471101779075405
1574    -0.15889174717513088
1575    -1.9308456863834453
1576    -0.46558574442489964
1577    0.29657572330986914
1578    0.3975207252603902
1579    0.9199675072515312
1580    0.5696558394898159
1581    1.2579313623130424
1582    0.4104485380365871
1583    -1.6384902638960415
1584    0.017605080114738936
1585    -0.27360220824344783
1586    -2.5454788413466316
1587    0.5643243163044454
1588    1.5358112773385906
1589    -1.1427133655656454
1590    1.5161537693768512
1591    2.2890920336353107
1592    -1.392168653744837
1593    -0.10713254315710735
1594    0.6374392955080965
1595    -2.2437009666416765
1596    -0.9848331926621425
1597    0.5738168943575604
1598    -0.47046711507153327
1599    0.5535757834501756
1600    1.354931099766233
1601    0.8177312213169026
1602    0.5344394498314029
1603    -0.45146659867523614
1604    -0.34885612560581425
1605    -0.5584533080134613
1606    -1.944315441014687
1607    -0.04807010354116814
1608    0.8943190627027497
1609    -0.903642722358105
1610    1.456642835746533
1611    2.205916207711046
1612    -1.203786004981641
1613    0.38538099026512823
1614    0.9644475218508952
1615    -2.785426557466734
1616    -0.7717065331045643
1617    1.0131439334335828
1618    -1.751728212860624
1619    0.5524225397090974
1620    2.4788741339033438
1621    -0.4373615641112968
1622    0.5439961149281697
1623    1.38084276070157
1624    -1.5445449950977386
1625    -1.0690133026889566
1626    -0.067180660055702
1627    -1.2919982403074108
1628    -0.22918798981818095
1629    0.9394166039197079
1630    0.6914646906373668
1631    0.9525846609209687
1632    0.6324736838716536
1633    0.2775360419944745
1634    -0.38273078010538936
1635    -1.4331892036263056
1636    -0.4977411337630579
1637    -0.44453950658359875
1638    -1.085334937272985
1639    1.2454368313691713
1640    1.2700163111534528
1641    -0.33952260165815384
1642    1.6747119755177147
1643    0.5757733622288599
1644    -2.0874902773380386
1645    0.26817093651512514
1646    -0.47566503411098704
1647    -2.457972562668597
1648    1.2169709566573035
1649    1.0068967056824292
1650    -0.9694655801498339
1651    2.4012220399398068
1652    1.1090088907890485
1653    -1.8270643239418207
1654    0.9683671880847393
1655    -0.5614740311544999
1656    -2.8211170059556823
1657    0.9016450913185091
1658    0.20515789189997088
1659    -1.1826517581930398
1660    2.473878941385507
1661    1.070641131102407
1662    -0.9853768544540787
1663    1.4997441907609232
1664    -0.6230737420225785
1665    -2.344419393524311
1666    0.4952399999526246
1667    -0.7154979898352735
1668    -1.1192618580939713
1669    1.9835884389658913
1670    0.6902132848385347
1671    -0.03215935222689792
1672    1.7276928326117837
1673    -0.4956451949269433
1674    -1.4219696798564438
1675    0.10538966714824871
1676    -1.3371543374518606
1677    -0.9674763137857761
1678    1.1327004336245823
1679    0.2535264601801167
1680    0.6481892566641353
1681    1.6423767633383415
1682    -0.13599008749347252
1683    -0.4624198348221972
1684    -0.1521642413262151
1685    -1.4895520090881331
1686    -0.8684171672338623
1687    0.2261284469720264
1688    -0.10537727950413356
1689    0.8788661925458654
1690    1.3777745258321494
1691    0.3122370975952502
1692    0.28543149140694846
1693    -0.1733982242113647
1694    -1.2879779149884611
1695    -0.8196343035666789
1696    -0.47379899939619685
1697    -0.42891569752028713
1698    0.7570390694004075
1699    1.0540332231856158
1700    0.6219540873560381
1701    0.8303910605569172
1702    -0.009167127931083041
1703    -0.9521815537470093
1704    -0.658675569862796
1705    -0.9524538321323626
1706    -0.7452887735582225
1707    0.558705821763011
1708    0.5881809882320777
1709    0.7544863741254059
1710    1.2973779279411533
1711    0.05452907055662182
1712    -0.4735982127348231
1713    -0.30801773020524326
1714    -1.4434534060520763
1715    -0.7913464424145397
1716    0.3479294958793854
1717    -0.1827073571403099
1718    1.060016420122945
1719    1.4857644779790948
1720    -0.15842074143415075
1721    0.4663654642054046
1722    -0.20484450375722119
1723    -1.8933473926207212
1724    -0.19329910375701953
1725    -0.38986818508410237
1726    -0.847030616288475
1727    1.7698931574572137
1728    0.7432358709148514
1729    0.00205811617342766
1730    1.688108986953931
1731    -1.008049772047799
1732    -1.3769228602295764
1733    0.46127282587381246
1734    -1.957204351241518
1735    -0.2554057961204379
1736    1.8390873039825264
1737    -0.7099754123587784
1738    1.5180409245179671
1739    1.6441841957275782
1740    -1.852928339473431
1741    0.5722338322820358
1742    -0.5350781142912278
1743    -2.6793670771965967
1744    1.2855658817557172
1745    -0.10295330076012382
1746    -0.6016269311387064
1747    2.989583883642158
1748    -0.25986182194183494
1749    -0.4396865922132812
1750    1.46694678897436
1751    -2.487366140571242
1752    -0.8627545703742769
1753    0.7400134935450164
1754    -1.806530262157877
1755    1.4162511507921396
1756    1.6330330474296852
1757    -0.6116329950864602
1758    1.6488269245935605
1759    -0.238860798402739
1760    -1.7263128967056292
1761    0.11816859765951093
1762    -1.2651177310686625
1763    -0.5801251561546443
1764    1.1060317716217902
1765    0.444166810349347
1766    1.0019678584091043
1767    0.7861891266219098
1768    -0.04930146364216182
1769    -0.6982635827702135
1770    -1.0793985098217624
1771    -0.4347734533960087
1772    -0.9835694129388187
1773    0.3930021349821377
1774    1.4657938406021682
1775    -0.16938114661555403
1776    1.5713935153913863
1777    0.4464970262751073
1778    -1.8977096085196168
1779    0.6564532357725744
1780    -1.5327400692268056
1781    -1.5090610590039923
1782    2.032854418973842
1783    -0.7976577101919017
1784    1.0019232756984864
1785    2.3378031349900334
1786    -1.6511443670392278
1787    0.6216788955426564
1788    -0.3425256232250903
1789    -2.5500498239520852
1790    0.7918774817120149
1791    -0.3798730364528207
1792    -0.054243876697669724
1793    2.023258239563247
1794    0.2504929516298958
1795    0.3816362521228377
1796    -0.02071230683568759
1797    -0.9509585566601061
1798    -1.0722468006130805
1799    -0.7925427550084453
1800    0.4863967312230172
1801    -0.2582700661276146
1802    1.369918187257253
1803    1.5091068719873568
1804    -1.0201730347853384
1805    1.182683255378592
1806    -1.0987897968461502
1807    -2.183927608322403
1808    1.2343380734475102
1809    -1.5818590215672441
1810    0.49136291790280967
1811    2.39486818365195
1812    -0.8863302678044933
1813    1.482821004008308
1814    0.07785839209625733
1815    -1.8741181427784412
1816    0.013624403998031887
1817    -1.1196342724691766
1818    -0.3093941367986537
1819    0.6780060712645404
1820    1.0725126820688682
1821    0.7717094577417491
1822    0.15594365077597233
1823    0.7961748002649125
1824    -1.925499146701307
1825    -0.6023848926962012
1826    0.14727841460138513
1827    -1.9677010727352955
1828    2.1614619740136685
1829    0.5943791350809796
1830    -0.22985668621784605
1831    2.341621655378019
1832    -1.624870434121186
1833    -0.6124872466805672
1834    -0.16072795365220438
1835    -1.7687009261552982
1836    0.458825815802015
1837    0.5351682906882007
1838    0.9489383772140227
1839    0.5656105841912815
1840    0.9336435618372896
1841    -0.34556605733502843
1842    -1.7148229976386298
1843    0.591587193433439
1844    -2.018455321610961
1845    0.10505219134483279
1846    1.9274728103324419
1847    -0.9973698917084334
1848    2.3267409895302396
1849    0.15936839186447072
1850    -1.3189717083696166
1851    0.34421956577659774
1852    -1.6888137184371879
1853    -0.5184550210894102
1854    0.1426432376220627
1855    0.9933676685839599
1856    0.42158085952225977
1857    1.0349250311676637
1858    0.9377678331137591
1859    -2.0781949545190166
1860    0.699742638118672
1861    -1.5496463529055564
1862    -1.3422547865937133
1863    2.0055472693735616
1864    -0.8419058488163268
1865    1.635021876478747
1866    1.0885002417458682
1867    -0.6527917179864002
1868    -0.21541919602410287
1869    -0.9527549749296466
1870    -0.7860534003306978
1871    -1.0694912630201663
1872    1.6581381701988631
1873    -0.18897862316214664
1874    0.9535986211064685
1875    1.9165757981104818
1876    -2.097808535902549
1877    0.7774513544440697
1878    -1.3072888354706067
1879    -1.5153286187815511
1880    0.8588828463905844
1881    -0.011267785639492711
1882    1.0139300391004362
1883    0.786936361708558
1884    1.1085636183760936
1885    -1.525463787278637
1886    0.06797425318735117
1887    -0.8040266799180192
1888    -2.0482242766703695
1889    2.0629771712901817
1890    -0.7330715458002821
1891    1.2707484786664336
1892    1.4520773171468095
1893    -0.6539062877381959
1894    -0.1974310725245496
1895    -0.8923497859118069
1896    -0.732033814275224
1897    -1.3240874826257112
1898    1.845368690516465
1899    -0.380150398008383
1900    1.0872075543417785
1901    1.7844863215642666
1902    -1.9184957387924761
1903    0.6725528594880099
1904    -1.4615511882299197
1905    -0.9663419676856536
1906    0.043849665662581305
1907    0.9419052805506319
1908    0.3633691195794262
1909    0.955007488467859
1910    1.3310733731876658
1911    -2.2666218917169223
1912    0.9045472696326023
1913    -1.7804124271096087
1914    -0.894769568801502
1915    1.195223380131611
1916    0.05083216050268691
1917    1.1367811417754474
1918    0.7432559594032776
1919    0.45360565326549185
1920    -1.9857444082922444
1921    0.7125466831893167
1922    -1.9475973132088868
1923    -0.2925778351025605
1924    1.7206922044702515
1925    -0.5071174431300979
1926    1.8012599042452546
1927    0.18792897487342458
1928    -0.3120464409168014
1929    -1.4923998964602525
1930    0.32821460008398784
1931    -1.8742221114850035
1932    0.661491950566215
1933    1.5842509533992306
1934    -0.6181767195344603
1935    2.170553004624491
1936    -0.722767641848989
1937    -0.6292814747201886
1938    -1.1034457596355853
1939    -0.01579545421381645
1940    -1.488292744368118
1941    1.6491051706557704
1942    0.9194239678621154
1943    -0.2636776644861496
1944    1.9826516136812808
1945    -1.6790202642661387
1946    -0.47966235269873303
1947    -0.9365246565547054
1948    -0.12216470633701076
1949    -0.844437118839755
1950    2.37772896991435
1951    -0.06826005078680686
1952    0.47872523811095796
1953    1.0302278089284738
1954    -2.1642145567615554
1955    -0.16665867084353547
1956    -0.8179057314813061
1957    0.000650887971454045
1958    -0.013865521425820648
1959    2.5490573323415964
1960    -1.0394178058679637
1961    1.3228269708395672
1962    -0.5881417257440775
1963    -1.7602401918343722
1964    -0.12147734568735191
1965    -0.3603444461161538
1966    0.043781695940791454
1967    1.0699945413953693
1968    1.7575563045721618
1969    -1.3780552604716114
1970    1.5870881369253973
1971    -2.1149069145119874
1972    -0.7018169682681132
1973    -0.3316775028694372
1974    0.4737843940672715
1975    -0.1609993718934264
1976    2.2884116319610386
1977    -0.1368886442238738
1978    -0.5277073118158792
1979    0.49045076519953157
1980    -2.2763337307996623
1981    -0.08557266662357788
1982    0.09654751309306103
1983    0.7034785211302403
1984    0.18208533271278293
1985    2.4723936702420155
1986    -1.8963986974947553
1987    0.682246378082662
1988    -1.3163488162315873
1989    -1.0017574328423144
1990    -0.28511568992092545
1991    1.4848142523637229
1992    -0.39645450307076047
1993    1.8166368523957557
1994    0.32092230047166537
1995    -1.4773983233614272
1996    0.130537171144389
1997    -1.3244252821626712
1998    -0.5999539370987945
1999    0.7481792122061663
2000    1.3909834480597165
2001    -0.540937162672679
2002    2.2760594252002155
2003    -1.7925823891394572
2004    -0.37943105909020836
2005    -0.94929334572412
2006    -0.11290212217632783
2007    -0.925726772327346
2008    2.774960906651362
2009    -0.7652418325742661
2010    1.337382103741481
2011    -0.20682828290179378
2012    -1.0412466641864373
2013    -1.4360959195746552
2014    0.7316622118116543
2015    -1.2819292147588672
2016    1.6389478798122505
2017    1.1905235115144703
2018    -0.18007756704931954
2019    0.29873929507861446
2020    -0.4063243104028314
2021    -1.9420497567307806
2022    0.049863333302370694
2023    0.3868808739648416
2024    -0.3451888154704166
2025    2.182346545834419
2026    0.16944137676833504
2027    -0.4138474851756251
2028    -0.2642607824898254
2029    -0.8008708641635531
2030    -1.833105671300954
2031    1.6577275085480718
2032    -0.4362604207806844
2033    1.2725437226590393
2034    0.9585360920105914
2035    0.007256866169520357
2036    -1.6778120077055532
2037    0.7005207154660652
2038    -2.334136086554887
2039    0.8503227708126679
2040    0.6999658370084557
2041    0.8979470632475692
2042    0.10190123842985321
2043    1.5145693400574125
2044    -2.5590856910606297
2045    0.31469218682414013
2046    -1.0888240856480518
2047    -0.12965403471757514
