0    -0.6544978342720112
1    0.13978562976131784
2    -1.1615496397250236
3    -1.3725769807228074
4    0.043064765137333524
5    1.036651829001904
6    0.1427165650529542
7    -0.03020861715356302
8    0.6087352764230638
9    0.9340690937946469
10    -0.9798316516436005
11    -1.146894963266845
12    0.7083870763386814
13    1.3268144228738568
14    -0.3145093404422464
15    -0.5196748108567605
16    0.33322735900928957
17    -0.10934387002773541
18    -1.6363611569700394
19    -1.7272201510107539
20    -0.15623883469391095
21    -0.04486329361174795
22    -1.5718805805540519
23    -2.498056132710995
24    -0.03313955244520251
25    0.617528082297973
26    -1.1879280573497477
27    -1.5806733864289546
28    0.22478275321875982
29    1.5524964403298254
30    0.34788203546746516
31    0.21598994734385388
32    1.2564719758745935
33    1.2242316876666028
34    -0.6193266107723779
35    -0.7981136635621711
36    0.35667484134237426
37    0.8139007468375747
38    -1.1556877691417509
39    -1.0824143868508544
40    0.1984043355940357
41    0.6849395940055968
42    -0.762942440062541
43    -1.284648921973732
44    0.16909498267767833
45    0.9633784467110074
46    -1.3491294983897195
47    -1.3637841748478983
48    0.05478850630387585
49    0.3449511001758319
50    -1.044312228059585
51    -1.4810215865133372
52    -0.0008992642372056525
53    1.036651829001904
54    -0.07710358181973856
55    -0.15623883469391095
56    0.4152935471750921
57    -0.11520574061100813
58    -1.548433098220964
59    -1.7037726686776662
60    -0.006761134820478376
61    1.3209525522905872
62    0.242368364968578
63    0.3508129707591015
64    0.866657582087023
65    0.6321827587561516
66    -1.044312228059588
67    -1.3608532395562618
68    -0.01848487598702382
69    0.6058043411314243
70    -1.275856116098823
71    -1.6861870569278512
72    -0.7365640224378168
73    0.4621885118412645
74    -0.43467768739931845
75    -0.48450358735713345
76    0.8256244880041202
77    1.455775575705838
78    -0.2764071816509799
79    -0.11520574061100813
80    0.594080599964882
81    0.44753383538308583
82    -1.8796287861758199
83    -1.8063554038849232
84    -0.7394949577294532
85    0.21012807676057801
86    -1.4077482042224405
87    -1.7741151156769264
88    0.057719441595512205
89    1.3326762934571297
90    0.6908014645888664
91    0.9956187349190011
92    1.2359554288331454
93    0.28047052375984133
94    -1.779976986260199
95    -2.0994489330485124
96    -0.5958791284392965
97    0.4592575765496281
98    -0.8831107870196099
99    -1.4341266218471584
100    -0.10641293473609906
101    0.3097798766761987
102    -1.4692978453467918
103    -1.9997971331328919
104    -0.5431222931898482
105    0.8783813232535653
106    -0.02141581127865706
107    -0.03313955244520251
108    0.9487237702528256
109    0.8637266467953867
110    -0.7101856048130927
111    -0.45812516973240935
112    0.44753383538308583
113    0.3449511001758319
114    -1.1849971220581084
115    -0.847939563519983
116    0.34202016488419557
117    1.191991399458609
118    -0.3233021463171554
119    -0.23244315227644075
120    0.6468374352143303
121    1.1685439171255214
122    -0.6134647401891115
123    -0.7512186988959955
124    -0.01848487598702382
125    0.7757985880463083
126    -0.8596633046865284
127    -0.762942440062541
128    0.611666211714697
129    1.4733611874556531
130    0.4152935471750921
131    1.5026705403720104
132    2.428846092528954
133    2.4933266689449476
134    0.11633814742823007
135    -1.1087928044755755
136    0.3596057766340106
137    0.5002906706325341
138    -0.8655251752697949
139    -1.4077482042224405
140    -0.2207194111098984
141    0.34788203546746516
142    -1.223099280849378
143    -1.2289611514326506
144    0.07823598863696049
145    0.772867652754672
146    -0.40536833448296106
147    -0.06831077594482947
148    1.4381899639560198
149    1.9042086753261296
150    0.746489235129951
151    0.33322735900928646
152    0.7875223292128507
153    0.16030217680277237
154    -1.7067036039692995
155    -1.9118690743838136
156    -0.39364459331641877
157    0.6204590175896062
158    -0.7688043106458106
159    -0.9827625869352338
160    0.38891512955036794
161    1.1656129818338852
162    -0.3819208521498733
163    -0.6955309283549171
164    0.5061525412158068
165    1.4176734169145715
166    0.05185757101224261
167    0.16616404738603885
168    1.4792230580389227
169    1.959896445867211
170    -0.4522632991491366
171    -0.7922517929789015
172    0.746489235129951
173    1.8162806165770542
174    -0.285199987525889
175    -0.5020891991069454
176    0.5090834765074431
177    1.0571683760433552
178    -0.5900172578560207
179    0.004962606346063947
180    0.8813122585452018
181    0.8314863585873898
182    -1.053105033934497
183    -1.4048172689308012
184    0.02254821809588524
185    0.6145971470063366
186    -0.8098374047287134
187    -1.1732733808915692
188    0.013755412220973031
189    1.6961122696199822
190    1.5583583109130918
191    2.0742029222410134
192    2.631080627651835
193    2.1592000456984555
194    -0.865525175269798
195    -1.249477698474099
196    -0.06831077594483259
197    0.49149786475762813
198    -1.1849971220581084
199    -1.779976986260199
200    -0.32623308160879183
201    0.790453264504487
202    -0.9124201399359735
203    -1.0824143868508544
204    0.4006388707169134
205    1.0542374407517159
206    -0.7248402812712745
207    -1.1175856103504813
208    0.3302964237176501
209    1.4264662227894807
210    0.07823598863696674
211    0.32736548842601687
212    0.9428618996695528
213    0.7289036233801359
214    -0.2910618581091586
215    -0.09762012886118997
216    0.8285554232957535
217    1.0659611819182675
218    -0.2353740875680771
219    -0.088827322986284
220    0.7406273645466782
221    1.3883640639982142
222    -0.3672661756916946
223    -1.2230992808493748
224    0.23650649438530216
225    1.130441758334255
226    -0.0946891935695536
227    0.35667484134237426
228    0.7963151350877598
229    0.6878705292972331
230    -1.2113755396828325
231    -1.6304992863867698
232    -0.26761437577607394
233    0.9428618996695591
234    -0.19727192877681377
235    -0.677945316605102
236    0.2130590120522144
237    1.4059496757480292
238    0.1837496591358539
239    0.20133527088566894
240    1.2213007523749666
241    1.1538892406673396
242    -1.226030216141011
243    -1.5513640335125973
244    -0.1269294817775536
245    1.0161352819604526
246    -0.7365640224378168
247    -1.3198201454733622
248    0.4152935471750921
249    1.2594029111662361
250    -0.012623005403747976
251    -0.6310503519389266
252    0.1632331120944056
253    0.7787295233379479
254    -0.8215611458952589
255    -0.695530928354914
256    0.24529930026021124
257    1.3971568698731234
258    -0.173824446443726
259    0.04599570042896676
260    0.8109698115459416
261    1.9423108341173991
262    1.1480273700840669
263    1.54077269916328
