0    0.002145970759546544
1    0.0015519014125055352
2    0.0013878630048010695
3    0.0012908676067376681
4    0.0012221089257028997
5    0.0011689573024911252
6    0.0011257185833329344
7    0.0010893394721939748
8    0.0010579935086274766
9    0.0010305025449599428
10    0.0010060639409447793
11    0.00098410837479303
12    0.000964220185935616
13    0.0009460905606391854
14    0.000929489612308669
15    0.0009142507525724129
16    0.0009002649156560961
17    0.000887485566324822
18    0.0008759492506404951
19    0.000865818781928098
20    0.0008574337769236757
21    0.000851177629453157
22    0.0008462104290103379
23    0.0008356440268604702
24    0.0007999848812572999
25    0.0007298428330160751
26    0.0007069133067109157
27    0.0008158227878329158
28    0.0007997644969217325
29    0.0006768181940615898
30    0.0008296742450464859
31    0.0006724289723893996
32    0.0008029083528196139
33    0.0006575850023925545
34    0.0008086513406810136
35    0.0006285736161133619
36    0.0007813839199137885
37    0.0006949368756375008
38    0.0006381641894494389
39    0.0007897756980633039
40    0.0006562039383574235
41    0.0006119508234590898
42    0.0007627951320684371
43    0.0007024804823304311
44    0.0005620558851441421
45    0.0006337381529930155
46    0.0007348022077044434
47    0.0006427029747958801
48    0.0005146372401012209
49    0.0005752754691228413
50    0.0007531939433621605
51    0.0007965180100821228
52    0.0006251496596264063
53    0.0004792768087047741
54    0.0005757811899184677
55    0.0006933313799508851
56    0.0006780133864341147
57    0.0007350199215489677
58    0.0006152951270125934
59    0.0004667979307383398
60    0.0005582388168830421
61    0.0005122853155752133
62    0.0007206246042492025
63    0.0006650105281744154
64    0.0007454302222297141
65    0.0005616555378395456
66    0.0005786055369362423
67    0.00040130332913199666
68    0.0005268850059041085
69    0.00046992588928380897
70    0.0006460148163620872
71    0.0007028175270165312
72    0.0007128318909472546
73    0.0008052289583763965
74    0.0006047967428374512
75    0.0005535576620442008
76    0.0004941621301195175
77    0.0003827954427298648
78    0.000514226849730877
79    0.0004987789216664337
80    0.0003996990940736203
81    0.0006139084344064787
82    0.0007256077412121595
83    0.0005784001072145212
84    0.0006829978159611132
85    0.0007881081428694051
86    0.0005940284510937102
87    0.0005642180000465546
88    0.0005558754410063432
89    0.0005323862052857331
90    0.0004443288568705647
91    0.0003089999685537715
92    0.0004971992877958024
93    0.00045496108216003895
94    0.0004901614984640927
95    0.00037751069823290076
96    0.0005647479856027782
97    0.0005753843709709436
98    0.0006590019063068913
99    0.0005237374178875449
100    0.0006788411717480022
101    0.000685705754829287
102    0.0007845035631588772
103    0.0006029521022221663
104    0.0005400353714072089
105    0.0005495323630241761
106    0.0004882282220679218
107    0.000559198298322772
108    0.00045699329504169257
109    0.0004305403816386088
110    0.00028386583676895947
111    0.00024023787633609996
112    0.00044860584832324144
113    0.0003748456311802402
114    0.00040062492434048873
115    0.00044400093555435887
116    0.0002539671845877221
117    0.0003567862510127444
118    0.0004502926142094042
119    0.0004984201961816151
120    0.0005814797177633678
121    0.0006469174130215214
122    0.0006257436884964806
123    0.0004968411653139134
124    0.0006643778301149762
125    0.000569437023513098
126    0.0006312508566832763
127    0.0006894536766231036
128    0.0008380418271546786
129    0.0005961909656825401
130    0.0005331031395161939
131    0.0004690020055262892
132    0.000560646421831346
133    0.00038065628665450444
134    0.00046319721398917983
135    0.0005269444326496163
136    0.0005709408368789754
137    0.00035779025555129126
138    0.0003019776667477567
139    0.00039382110615148407
140    0.00018707596926262877
141    0.0001976431130310957
142    0.00018593752417552165
143    0.00029299482194515455
144    0.0004550646023202018
145    0.00034764355744263634
146    0.000342961925550479
147    0.0003449907651505101
148    0.0003018880895806276
149    0.0003785619105505657
150    0.00019735540916843185
151    0.00024240184621893534
152    0.0003455573919771388
153    0.00030907160570899144
154    0.0005149028657680656
155    0.00047205044952083127
156    0.000511845608864194
157    0.0005491608802547846
158    0.0006789812582208021
159    0.0005894897064238635
160    0.0006532312825418781
161    0.0004455310170699462
162    0.0004666443747063308
163    0.0005516141644173555
164    0.00068239289074956
165    0.0005504058155635815
166    0.0006754736998970207
167    0.0006133573558793976
168    0.0006460400123583147
169    0.0006935313122156859
170    0.0007774647491897359
171    0.000814099531969787
172    0.0006560191661997236
173    0.000603362278947585
174    0.0005811344623909258
175    0.0005404435633033629
176    0.00042863279534332606
177    0.0005440778211695809
178    0.0005550147010088134
179    0.0004317536152959892
180    0.0003423698435736985
181    0.00039182041554969434
182    0.0005378834139854593
183    0.0006008301704454492
184    0.0005120784794935821
185    0.0005373012359443284
186    0.0006019891910756408
187    0.00036265113456311924
188    0.0003349341438197663
189    0.00022653934559890024
190    0.0003837073418193934
191    0.00031480755339897894
192    0.0002122735614052413
193    0.0001509455431038692
194    0.00024107719232256182
195    7.069391517991691e-05
196    0.00014840532596589197
197    4.000509277027938e-05
198    0.00010994541630688097
199    0.000258580673553863
200    0.0004041156745156627
201    0.0003045246061157661
202    0.0002531839159774544
203    0.00023683011490673066
204    0.0002576248442739446
205    0.0002647539569625119
206    0.00027306649914661687
207    0.0002850284391880593
208    0.00012772025032025606
209    0.00036911935013959863
210    0.0003397892715709125
211    0.00017888620795978975
212    5.343930769974683e-05
213    5.2514154250425454e-05
214    0.00014601647977663135
215    6.631603226175449e-05
216    0.000210384848036019
217    0.00029966598067694645
218    0.0001989124926199844
219    0.00020189814178835596
220    0.0004341728882872386
221    0.00038853363043710946
222    0.0004408045156681132
223    0.00032088694032629203
224    0.00040245076015800474
225    0.00036641806843612057
226    0.0004260675219226462
227    0.00048434425099488346
228    0.0007040184618487492
229    0.0006135775285690969
230    0.000560258402868771
231    0.00048121098335478034
232    0.0005698728167917829
233    0.0006219297334306992
234    0.0005653389399129761
235    0.00034268271227585903
236    0.0004416233415891719
237    0.00045448504973244724
238    0.00030600814878940547
239    0.0004551878260847179
240    0.00044558307303964713
241    0.0006358556216711297
242    0.0005586309806033773
243    0.0005438544880309011
244    0.00047151583633190476
245    0.00050650068819105
246    0.0006520084444988732
247    0.0005349546874669969
248    0.000576663556529587
249    0.000550730484444885
250    0.0006562715078730726
251    0.0006603042894776996
252    0.0006750295599014262
253    0.0007051349689239251
254    0.0007516811007536202
255    0.0008326360799730849
256    0.001129067297968254
257    0.0008317464239149822
258    0.0007497355495543379
259    0.0007016059641205814
260    0.0006679642479647881
261    0.0006394401513341156
262    0.0005847085768829518
263    0.0005245712193405218
264    0.0006680924339842577
265    0.00048446582019294145
266    0.0005920111519850068
267    0.0006481460130755603
268    0.0005135120030265766
269    0.00041465751907756427
270    0.0004261141460447376
271    0.0006333958610715822
272    0.0005800234813639942
273    0.0006544347073173886
274    0.0004735159195393458
275    0.0004896426355223834
276    0.0003349673361000391
277    0.00025151385035967013
278    0.0003861263592611927
279    0.0003653324254038292
280    0.00039779813791746737
281    0.00024627616565581315
282    0.0004221185368093717
283    0.000533891347450482
284    0.0005892298672286507
285    0.0005719911333131008
286    0.000513701083597629
287    0.0004625639970600964
288    0.0006478786195770698
289    0.0005334627886832826
290    0.0005706777092492103
291    0.00061724339903256
292    0.000700549913481596
293    0.0005341386977542083
294    0.00044742423973691953
295    0.000418200449744606
296    0.00041307393469501385
297    0.00027417320010103324
298    0.00042455739778177507
299    0.0002590806276193063
300    0.00016587422938510465
301    0.0003239847495358282
302    0.0003292967637960833
303    0.00044277549086657055
304    0.00030823533328628775
305    0.00040936417170925386
306    0.0003900762749712291
307    0.0003810302490525785
308    0.00014624278464623805
309    0.00012769751262193445
310    0.00017927415064712167
311    8.402509918487851e-05
312    0.00020166325668283632
313    0.0001382301500743538
314    0.00014559352420195296
315    -6.32092814936854e-06
316    -2.812736975344501e-05
317    -5.092880517678516e-05
318    0.00011227807983004795
319    -2.1242859329993324e-05
320    -0.00018125577034169903
321    -6.604356793190848e-05
322    2.7289298011270503e-05
323    -8.537688632327895e-05
324    6.279430327349374e-05
325    4.823944298745184e-05
326    0.0001656750778463077
327    0.0001675810319703067
328    0.00035889661950729403
329    0.00038774438738111344
330    0.0003474884447561794
331    0.00025530635934677246
332    0.00010774049603142025
333    1.713484105948207e-05
334    0.00014880341718009215
335    0.00029581897254917964
336    4.447633797291734e-05
337    0.0002456372965715715
338    0.00020467507043345825
339    0.00018321411512081448
340    0.00017773426102392288
341    0.00017509414986083434
342    0.00017314970834650015
343    0.00017126460086209756
344    0.000169785328268354
345    0.00018899949290986432
346    0.00028394099730158994
347    4.9557475814833646e-05
348    0.00028725707711444495
349    0.00022582874997318926
350    4.461775360280532e-05
351    2.682802454293708e-05
352    0.00013146219298342714
353    0.00023863188452049445
354    0.00027216236324835495
355    0.00031752931005457976
356    0.00040263135296715163
357    0.0002241727288816766
358    0.00030695582833459984
359    0.00010606005620540675
360    0.0001676494694353984
361    0.00010672660904949833
362    -6.382725244088636e-05
363    -5.4767057957175354e-05
364    -1.6618331608733673e-05
365    -5.723368621695892e-05
366    -0.0002253632407520014
367    -0.00010212944546939188
368    -5.1290997839622946e-05
369    -5.059152069615194e-06
370    -0.00016589525365955205
371    -0.00017665321524662744
372    -0.00027653570612445145
373    -9.99780549789671e-05
374    -5.548071463719616e-05
375    -8.712027947674664e-05
376    7.265239908745691e-05
377    3.569481647352628e-05
378    1.9114576711197657e-05
379    -0.00011280744004894182
380    3.0627288833999175e-05
381    -9.649204853286723e-05
382    -7.83192207936011e-05
383    -8.924703383406769e-05
384    -5.7129773272484945e-05
385    0.0001335842844683322
386    0.00015354635882062226
387    0.00013675780007023304
388    0.00026259451173297945
389    0.00011316704936833328
390    0.0002245335294032642
391    0.00025697775885821306
392    0.0003370106786557786
393    0.00012045666223102475
394    0.00014580276224442128
395    0.0001807489667485315
396    -5.304754742925928e-06
397    8.049923146831273e-05
398    6.122802975393947e-06
399    0.0001861185174732795
400    0.00028442590766378294
401    0.00015922749429874786
402    6.96850794101989e-05
403    0.00024117255721961534
404    7.913318550253011e-05
405    0.0001430920422013294
406    0.00017009679594759248
407    0.00017768418902959992
408    0.00018750803973803764
409    0.00020163607267354507
410    0.0005968526224683533
411    0.0005317522385062873
412    0.0005058372526957136
413    0.0004851839832528294
414    0.00045292547321985134
415    0.0004558200114957017
416    0.0005591785208012386
417    0.00041809990967044087
418    0.0004407681224533642
419    0.0005901349946469368
420    0.0005362368808245231
421    0.0003349386176374253
422    0.00037530047263394155
423    0.0003032633376758621
424    0.00048176090529138994
425    0.0004022316037937846
426    0.0004581578049879376
427    0.0006521295935675806
428    0.000536673092438112
429    0.0005021108629382199
430    0.0005260461754296513
431    0.0006154699559658732
432    0.0004463328479679491
433    0.000511362681654042
434    0.00035609411268669266
435    0.0002027839507374006
436    0.00018314414475153253
437    0.00036059738056289537
438    0.0003158959865275559
439    0.0003050137342778294
440    0.0003145245655513194
441    0.00025268163310688906
442    0.00036511533459203903
443    0.0001861678842469878
444    6.490251319336783e-05
445    1.8725208725504418e-05
446    0.00016124686336107516
447    7.995020474634208e-05
448    7.755657018409254e-05
449    0.000224607859043288
450    0.0003386427133975032
451    0.00020009074913824738
452    0.0002501625284832053
453    0.000202450785723024
454    0.0002254719267323552
455    0.00032233079247298156
456    0.0004626273372013972
457    0.00046586770073306583
458    0.00046056683359259586
459    0.00035628718890210864
460    0.00042041014643512094
461    0.0005813711681567108
462    0.0004877252237329394
463    0.0004613508531957802
464    0.00023848637769149222
465    0.0003328988881045051
466    0.00029920655289945695
467    0.0003241944228730823
468    0.00014396458117492828
469    0.00015843661871542674
470    0.0003344414821597986
471    0.00022670342742749374
472    0.00024486296475210214
473    0.0004925294412894421
474    0.00048474738601968995
475    0.00041565971231700326
476    0.000506251854656096
477    0.00034543287394471435
478    0.00035592979641967457
479    0.00025220016991099077
480    0.0002512204336673322
481    0.00028450399954588575
482    0.00042502490526230184
483    0.0004313818748286696
484    0.0005349906396620831
485    0.0003744188960806718
486    0.00023278299912094397
487    0.0003160318050989176
488    0.0004884419993135244
489    0.0005267478908021552
490    0.0003817069320708226
491    0.0003467860120862942
492    0.0005065251404581875
493    0.0004316269670017575
494    0.0003643702287860552
495    0.0005227802783761083
496    0.00035455160392025906
497    0.0005266485938282453
498    0.0004020627297330107
499    0.0004076578600104067
500    0.0004915298357899764
501    0.0005108335755235593
502    0.0005126929681329834
503    0.0005182169230554048
504    0.0005280352950263667
505    0.00054119123236959
506    0.0005576102188504544
507    0.0005779542942518647
508    0.000603723932876737
509    0.0006379824664721012
510    0.0006878909066858739
511    0.000777070734884915
512    0.001244893305880217
513    0.0011186872982435051
514    0.0010439550476084897
515    0.000997093120272508
516    0.0009629427490075416
517    0.0009360829963577563
518    0.0009139725328174654
519    0.0008952402387484861
520    0.0008791396338033095
521    0.0008655376428860038
522    0.0008559499756276867
523    0.0008575779861821895
524    0.0008821114166612424
525    0.0008769716160055921
526    0.0007430031355420443
527    0.0008207315953162044
528    0.0007896914268589527
529    0.0008061320407421817
530    0.0007178868639765221
531    0.0008678126319762316
532    0.0007155728588543944
533    0.0007030610932239763
534    0.0008447626622689168
535    0.0007856762748122915
536    0.0006196391958382131
537    0.00059995486716856
538    0.0007574582599970995
539    0.0008919203101195065
540    0.0007602129933786029
541    0.0006366741830325909
542    0.0006503905428276776
543    0.0005606402101241854
544    0.0007621719318354893
545    0.0007266091929306411
546    0.0008862525725462872
547    0.0007691136499238554
548    0.0007313335894952771
549    0.0006578802401423356
550    0.00047901960536465474
551    0.0005980010781594365
552    0.0006036819852492978
553    0.00045849249932360787
554    0.0006075474967665835
555    0.0007676470239775219
556    0.000627541504994787
557    0.0007273436731977116
558    0.0007972865117422663
559    0.0008558674458095882
560    0.0007478784045555143
561    0.0007184566930722627
562    0.0007364893434003673
563    0.0007974374472610806
564    0.000601079154780239
565    0.0005813881048083186
566    0.00045550253032417064
567    0.00046839472023111814
568    0.0005132994181967969
569    0.0005230968574456954
570    0.0005098796766132862
571    0.00044071965777483753
572    0.0003568000954664441
573    0.00043068827742915423
574    0.000619144850271336
575    0.0005489510820354546
576    0.0007042534947732384
577    0.0006793796134030161
578    0.000716535699308024
579    0.0005856856056053322
580    0.0006503060747222542
581    0.0006899198931850656
582    0.0007429747896756905
583    0.0007510677772464233
584    0.0008037229418491204
585    0.0010143358455827287
586    0.000858010974929496
587    0.000790475390920491
588    0.0007402640626184529
589    0.0007523306077344224
590    0.0007435217130804671
591    0.0007363671150308823
592    0.0005645994116987463
593    0.0006199716468183654
594    0.0007005108808095657
595    0.0007485489131512922
596    0.0007833080656958384
597    0.0008723911008803259
598    0.0006742138883640911
599    0.0006355047779675195
600    0.0005032582347307174
601    0.0006656243129382056
602    0.0006617868186063734
603    0.0004469690031292217
604    0.0004702834892597799
605    0.0003649061332306934
606    0.00035926371991393475
607    0.00023283226669546477
608    0.00025764571279892403
609    0.00038878532103938144
610    0.000555494847287548
611    0.00040563528096580477
612    0.0004867876674996941
613    0.00043284578521507976
614    0.0004288428830163823
615    0.00042733479517000354
616    0.0004304757039168414
617    0.0005042450002270289
618    0.0003163290905964345
619    0.0005427665864175658
620    0.0005283192450155196
621    0.00038798364507088755
622    0.00023552926373093547
623    0.00022117054440208027
624    0.00023590474300596244
625    0.00019731285063483885
626    0.0001754053583541266
627    0.00028904232999812945
628    0.00023262383218861026
629    0.00025982103861502516
630    0.0002337820146939622
631    0.0004327431711658381
632    0.0004145111008857875
633    0.0005701859360312545
634    0.00044319074485295746
635    0.00030811293261146097
636    0.0004747377144291551
637    0.00037062591365997225
638    0.00041704160432674283
639    0.0004514106470394685
640    0.0006445483866661025
641    0.0006742419653418684
642    0.0006489071839409661
643    0.0006038757622630725
644    0.0007067049373281355
645    0.0005340874220287361
646    0.000648609697545024
647    0.0007914688784159413
648    0.0006788693804541091
649    0.0006403201128736095
650    0.00043506549157557955
651    0.0005405480603425237
652    0.0005038547835701356
653    0.0005461947767130695
654    0.0003474234149890724
655    0.0003884905201777334
656    0.0005716216485093682
657    0.00048252748417022004
658    0.0005305775838931358
659    0.0006863898885074618
660    0.0006240707621267835
661    0.0007406256865760707
662    0.0005502531389849132
663    0.0005752025802071303
664    0.0004503342742194807
665    0.0005229108116381418
666    0.0007187396771501356
667    0.0007404252948396905
668    0.0005899935672282559
669    0.0005732899541640543
670    0.0007362579572590443
671    0.0006059734480145887
672    0.0006853620406167356
673    0.0006241041518229685
674    0.0007554140887644936
675    0.000729212377904441
676    0.0007192632929698579
677    0.0007323501449518132
678    0.0007531462939387248
679    0.0007798881577042035
680    0.0008152338117537534
681    0.0008664717808992066
682    0.0009592219850055284
683    0.001349426544587072
684    0.0011422468971100273
685    0.0010674456609686975
686    0.0010218819858057587
687    0.0009898043062126671
688    0.0009664559216937781
689    0.0009519108241357447
690    0.0009508124085870677
691    0.0009379797174123409
692    0.0008156677113385653
693    0.0008957664121366138
694    0.0008264185167008726
695    0.0009316051924794446
696    0.0007593508878931458
697    0.0008361683783830056
698    0.0009424150464214219
699    0.0008278483344446014
700    0.0006524142846421283
701    0.0006897877006541158
702    0.0008504932646578284
703    0.0008253733860812667
704    0.00096306583529903
705    0.000794801800408736
706    0.0008455094838387912
707    0.0006817078317441868
708    0.0006350899937030946
709    0.0006494913716472301
710    0.0005897580791436885
711    0.0007071974998443234
712    0.0007742634987153576
713    0.0008502373217793055
714    0.0007367952132696448
715    0.0008099777810884926
716    0.0008752465165691218
717    0.0009977783663652129
718    0.0008341382921620775
719    0.000770443374558789
720    0.0006781294489607187
721    0.0007459908430475228
722    0.00076719630084564
723    0.0007275533465349659
724    0.0006056318567846107
725    0.0006670030150736423
726    0.000517431581144607
727    0.0004110227266500683
728    0.00043547101530638614
729    0.0006723300697042726
730    0.0005163427516474251
731    0.0005394012547051306
732    0.0005370355306697772
733    0.0004973031248360097
734    0.0006715046597167515
735    0.00044534657415834945
736    0.0003655137459257517
737    0.00038258021260997464
738    0.0005617143644923505
739    0.0004960649245481597
740    0.0007059737658120355
741    0.0007324478587496964
742    0.0005681227223086718
743    0.0006697105066116645
744    0.0007102830572342702
745    0.0009470917402106174
746    0.0008403432350785466
747    0.0007983332549506004
748    0.0008871306632125427
749    0.0008097969634556057
750    0.0006087411732232314
751    0.0006744776118009014
752    0.0005642195494152176
753    0.0007139843280728676
754    0.0007189517192303172
755    0.0008699719569384346
756    0.0008601292494246422
757    0.0007202655486301884
758    0.0007766317917756633
759    0.0008992887457484671
760    0.0007390824948454184
761    0.0009118602517775542
762    0.0008868741747849679
763    0.0008745971392755053
764    0.0008987024339194905
765    0.0009334696226240278
766    0.0009821104047400258
767    0.001064011609213438
768    0.00136071931379218
769    0.0010631219531553352
770    0.0009801648535407435
771    0.0009299406178206841
772    0.0008916371219828526
773    0.0008537330011319215
774    0.0008153112437948471
775    0.0008857009866731912
776    0.0008305113723000891
777    0.0008487998784744117
778    0.0007166344992617969
779    0.0008619108735146987
780    0.0009021254161193141
781    0.0007407749879850976
782    0.0005864348846716775
783    0.0007115245674733199
784    0.0006986599577395647
785    0.0008737244930335722
786    0.000776248943973172
787    0.0008449545492455418
788    0.0007804746577234099
789    0.0007071643930344115
790    0.0006611306544267632
791    0.0006904944321837473
792    0.0005382083783599547
793    0.0004347756889126973
794    0.00042998285624927236
795    0.0006527616776310814
796    0.0005911851711919369
797    0.000583711806866377
798    0.0006493479261673332
799    0.00047872614123395054
800    0.0006109416053448167
801    0.00065792242251534
802    0.0008013778532978486
803    0.0007260128934314603
804    0.0008034125558641345
805    0.0008716418106709831
806    0.0007648544987643602
807    0.0007908645387719322
808    0.000638160101965381
809    0.0006188798944893471
810    0.0007959724991497509
811    0.0008735694884425232
812    0.0007180667784699685
813    0.0008726518881110043
814    0.0007567037930708108
815    0.0008196469837744949
816    0.0008586445319267505
817    0.0008947791070799837
818    0.0009511480679866899
819    0.0011140546584552796
820    0.0007638644569414154
821    0.0007008451788036965
822    0.0006628854479393122
823    0.0006297378148484179
824    0.0005718110808825313
825    0.0005868469763648143
826    0.0006254061870387606
827    0.0006031653507275822
828    0.00045855729798375747
829    0.0005600851113874848
830    0.0007167103713462775
831    0.0006226133979748735
832    0.0005695365035520897
833    0.0004445222647503793
834    0.0004940752208497058
835    0.0003778714687319366
836    0.0003802744440958558
837    0.0005134366428689341
838    0.0005061009331920887
839    0.00046644817440898395
840    0.0006061690279068577
841    0.0007185194094151088
842    0.0006360235474715927
843    0.0007592523559336921
844    0.0005810383637962869
845    0.0005233609431758338
846    0.0005446011247583463
847    0.0007036519755153434
848    0.0005822994643233695
849    0.0006949980394808758
850    0.0006454225938482914
851    0.0006472974971419271
852    0.0006639619919342268
853    0.0007104211624781195
854    0.0003549069441622928
855    0.00034420506954561817
856    0.00033897912766379267
857    0.0003555302947346701
858    0.0003616135913432942
859    0.00023150180520306547
860    0.00032412747933474297
861    0.0004034269634602748
862    0.0003333874676609682
863    0.00020540115929595942
864    0.00016359295105828448
865    0.00025511562611121955
866    0.0003294390622865971
867    0.00034165838396384954
868    0.00048077931133121366
869    0.0004925475742005359
870    0.0005107926397166701
871    0.0003198992621345571
872    0.0002724263516777403
873    0.0004395273430376933
874    0.0002890704773755951
875    0.00030729671806832966
876    0.0003055643409374221
877    0.0002841654371399928
878    -3.7747582409344604e-05
879    3.275448125819171e-05
880    6.526604834954357e-05
881    9.043654616296373e-05
882    -4.409362846001256e-06
883    0.00017189844843534645
884    4.024310818305545e-05
885    4.674889921207258e-05
886    7.760711019062678e-05
887    0.00019540957784557162
888    0.00018058094266259057
889    0.00030021926223985126
890    0.00020452706026704185
891    4.062369532528985e-05
892    0.00017668580433078854
893    3.8381708203916013e-05
894    3.7484823631171195e-05
895    -1.119603417473942e-05
896    -0.0002506232137610611
897    -0.00010445874511530277
898    -6.066289353591118e-05
899    -6.205330978289276e-05
900    7.29543960471583e-05
901    -7.556118333411924e-05
902    4.198058575974106e-05
903    0.00018024628186794615
904    0.0001700420617781983
905    5.4779637215247824e-05
906    -7.070783727102073e-05
907    8.378375435081229e-05
908    -2.6648107142037694e-05
909    -7.445937408791673e-05
910    -0.00021909676301096824
911    8.585736927878122e-06
912    7.172480234650397e-05
913    0.00014016016236472818
914    2.1348506372174822e-05
915    0.00019861582065189406
916    0.00015045913547635705
917    0.0001266603302961233
918    -1.8023355238947945e-06
919    0.00013239682623245258
920    7.794837224767007e-05
921    2.6018765621382313e-05
922    0.00024119194232585838
923    0.00027889226889208025
924    0.0003137837484474054
925    0.00036708184633108925
926    0.0003494184142005079
927    0.00026922096156413954
928    0.00025207624799738446
929    0.0002734214781330049
930    0.00030987034390320627
931    0.0005000800457175914
932    0.0005093210822885005
933    0.00047290765221287556
934    0.0005927584343697501
935    0.0004365014453283346
936    0.0004291436990157642
937    0.0004735183817147494
938    0.0005383432422583185
939    0.0007364125515785014
940    0.0006369833421728373
941    0.0006722596688749909
942    0.0005009493150270576
943    0.00062153316837776
944    0.0006112331655930751
945    0.0007489508750184907
946    0.0005853889760362828
947    0.0005723191157419581
948    0.00042924607725046795
949    0.0005975151094391855
950    0.0005691102186196008
951    0.0005141206214841616
952    0.00040541561645318527
953    0.00030093188333678116
954    0.00046207530790564244
955    0.00040616188814824434
956    0.0001883235820115136
957    0.00020310748519884026
958    0.00029917702573285684
959    0.0001976742803098126
960    3.637984272761692e-05
961    0.0001085484129043273
962    0.0002371629594196367
963    0.0001184937109921883
964    4.872380706660726e-05
965    0.0001763725127595218
966    0.00012005647633304799
967    0.00011040772836970946
968    0.00029791336896407925
969    0.00024093104101329888
970    0.00034028817399829885
971    0.0004583984850056531
972    0.0003963396415889536
973    0.0005822906053356686
974    0.00047102062377114617
975    0.0006045320771452016
976    0.00047172754214578564
977    0.0005460633591182133
978    0.0003616908569372799
979    0.00041779994307777847
980    0.0002094502010255731
981    0.0002236031603625175
982    0.00017919384685794517
983    7.324510329201198e-05
984    0.00019234101164397643
985    0.0003007548213855746
986    0.0003256028019349059
987    0.00037860307682183804
988    0.00045620152423758454
989    0.0004859729077552078
990    0.0004335310282849481
991    0.00032122436044907743
992    0.00021048401268320766
993    0.00017271523728067155
994    0.00024574120304349354
995    0.00039123786379967074
996    0.0004954391361189535
997    0.0004505164183672626
998    0.00028332795240712777
999    0.00018614383925140247
1000    0.0003080963138944377
1001    0.0004767801387539763
1002    0.0003802591653294013
1003    0.0001986694758571137
1004    0.0003646642223889061
1005    0.00043362081704989114
1006    0.0002063078421220821
1007    0.00044142675279346805
1008    0.00024397811512311563
1009    0.00043312943657203675
1010    0.00021557625296638578
1011    0.0003385389153768133
1012    0.00040942106651560263
1013    0.0003843031869127188
1014    0.0003625790028158909
1015    0.00035325202098146583
1016    0.0003491814202021994
1017    0.0003470919989241014
1018    0.00034586416833498515
1019    0.00034507998811849586
1020    0.00034455775618137896
1021    0.00034420798000694096
1022    0.00034398294949329416
1023    0.0003438566206228848
1024    0.0003438158522138901
1025    0.0003438566206228849
1026    0.00034398294949329416
1027    0.000344207980006941
1028    0.00034455775618137896
1029    0.0003450799881184958
1030    0.00034586416833498515
1031    0.0003470919989241014
1032    0.0003491814202021994
1033    0.00035325202098146583
1034    0.0003625790028158909
1035    0.0003843031869127188
1036    0.0004094210665156027
1037    0.00033853891537681335
1038    0.000215576252966386
1039    0.00043312943657203675
1040    0.00024397811512311569
1041    0.00044142675279346794
1042    0.00020630784212208206
1043    0.00043362081704989114
1044    0.00036466422238890607
1045    0.0001986694758571136
1046    0.00038025916532940135
1047    0.0004767801387539764
1048    0.0003080963138944376
1049    0.00018614383925140258
1050    0.00028332795240712777
1051    0.0004505164183672627
1052    0.0004954391361189535
1053    0.00039123786379967074
1054    0.00024574120304349364
1055    0.0001727152372806715
1056    0.0002104840126832076
1057    0.0003212243604490775
1058    0.00043353102828494797
1059    0.0004859729077552078
1060    0.00045620152423758454
1061    0.0003786030768218381
1062    0.00032560280193490594
1063    0.0003007548213855746
1064    0.00019234101164397653
1065    7.324510329201182e-05
1066    0.00017919384685794506
1067    0.00022360316036251754
1068    0.00020945020102557316
1069    0.00041779994307777847
1070    0.00036169085693728005
1071    0.0005460633591182133
1072    0.00047172754214578564
1073    0.0006045320771452016
1074    0.00047102062377114633
1075    0.0005822906053356686
1076    0.0003963396415889536
1077    0.0004583984850056531
1078    0.00034028817399829885
1079    0.00024093104101329893
1080    0.00029791336896407925
1081    0.00011040772836970941
1082    0.00012005647633304804
1083    0.0001763725127595218
1084    4.872380706660726e-05
1085    0.0001184937109921883
1086    0.00023716295941963658
1087    0.0001085484129043273
1088    3.637984272761687e-05
1089    0.00019767428030981264
1090    0.0002991770257328569
1091    0.00020310748519884015
1092    0.0001883235820115136
1093    0.00040616188814824434
1094    0.00046207530790564233
1095    0.00030093188333678105
1096    0.00040541561645318516
1097    0.0005141206214841615
1098    0.0005691102186196008
1099    0.0005975151094391854
1100    0.00042924607725046795
1101    0.0005723191157419582
1102    0.0005853889760362827
1103    0.0007489508750184907
1104    0.0006112331655930751
1105    0.0006215331683777599
1106    0.0005009493150270576
1107    0.0006722596688749908
1108    0.0006369833421728372
1109    0.0007364125515785013
1110    0.0005383432422583185
1111    0.00047351838171474946
1112    0.00042914369901576416
1113    0.0004365014453283346
1114    0.0005927584343697502
1115    0.00047290765221287545
1116    0.0005093210822885005
1117    0.0005000800457175914
1118    0.0003098703439032063
1119    0.00027342147813300485
1120    0.00025207624799738446
1121    0.00026922096156413954
1122    0.0003494184142005078
1123    0.00036708184633108925
1124    0.0003137837484474054
1125    0.00027889226889208025
1126    0.00024119194232585843
1127    2.6018765621382313e-05
1128    7.794837224767013e-05
1129    0.00013239682623245256
1130    -1.8023355238948216e-06
1131    0.00012666033029612333
1132    0.0001504591354763571
1133    0.00019861582065189404
1134    2.1348506372174822e-05
1135    0.00014016016236472812
1136    7.172480234650394e-05
1137    8.58573692787815e-06
1138    -0.00021909676301096824
1139    -7.445937408791684e-05
1140    -2.6648107142037856e-05
1141    8.378375435081226e-05
1142    -7.070783727102068e-05
1143    5.477963721524785e-05
1144    0.00017004206177819828
1145    0.00018024628186794615
1146    4.1980585759741006e-05
1147    -7.556118333411918e-05
1148    7.29543960471583e-05
1149    -6.205330978289276e-05
1150    -6.066289353591134e-05
1151    -0.00010445874511530288
1152    -0.0002506232137610611
1153    -1.1196034174739365e-05
1154    3.748482363117136e-05
1155    3.838170820391607e-05
1156    0.00017668580433078852
1157    4.0623695325289825e-05
1158    0.00020452706026704182
1159    0.0003002192622398512
1160    0.00018058094266259057
1161    0.00019540957784557164
1162    7.76071101906267e-05
1163    4.674889921207258e-05
1164    4.024310818305556e-05
1165    0.00017189844843534653
1166    -4.409362846001188e-06
1167    9.043654616296369e-05
1168    6.52660483495436e-05
1169    3.275448125819182e-05
1170    -3.774758240934463e-05
1171    0.0002841654371399928
1172    0.0003055643409374221
1173    0.00030729671806832966
1174    0.00028907047737559516
1175    0.0004395273430376933
1176    0.0002724263516777403
1177    0.00031989926213455707
1178    0.00051079263971667
1179    0.0004925475742005358
1180    0.0004807793113312136
1181    0.00034165838396384954
1182    0.0003294390622865972
1183    0.00025511562611121955
1184    0.00016359295105828443
1185    0.00020540115929595942
1186    0.00033338746766096804
1187    0.0004034269634602748
1188    0.00032412747933474297
1189    0.00023150180520306544
1190    0.0003616135913432941
1191    0.0003555302947346701
1192    0.00033897912766379267
1193    0.00034420506954561817
1194    0.0003549069441622927
1195    0.0007104211624781194
1196    0.0006639619919342268
1197    0.000647297497141927
1198    0.0006454225938482912
1199    0.0006949980394808758
1200    0.0005822994643233693
1201    0.0007036519755153434
1202    0.0005446011247583465
1203    0.0005233609431758338
1204    0.000581038363796287
1205    0.0007592523559336921
1206    0.0006360235474715927
1207    0.0007185194094151088
1208    0.0006061690279068579
1209    0.00046644817440898384
1210    0.0005061009331920887
1211    0.000513436642868934
1212    0.00038027444409585574
1213    0.00037787146873193657
1214    0.0004940752208497056
1215    0.0004445222647503792
1216    0.0005695365035520896
1217    0.0006226133979748733
1218    0.0007167103713462775
1219    0.0005600851113874847
1220    0.0004585572979837574
1221    0.0006031653507275822
1222    0.0006254061870387605
1223    0.0005868469763648142
1224    0.0005718110808825312
1225    0.0006297378148484179
1226    0.0006628854479393122
1227    0.0007008451788036965
1228    0.0007638644569414153
1229    0.0011140546584552796
1230    0.0009511480679866898
1231    0.0008947791070799836
1232    0.0008586445319267505
1233    0.0008196469837744947
1234    0.0007567037930708107
1235    0.0008726518881110042
1236    0.0007180667784699686
1237    0.0008735694884425232
1238    0.0007959724991497509
1239    0.0006188798944893471
1240    0.0006381601019653809
1241    0.0007908645387719321
1242    0.0007648544987643602
1243    0.000871641810670983
1244    0.0008034125558641344
1245    0.0007260128934314603
1246    0.0008013778532978486
1247    0.0006579224225153399
1248    0.0006109416053448167
1249    0.0004787261412339505
1250    0.0006493479261673331
1251    0.000583711806866377
1252    0.0005911851711919369
1253    0.0006527616776310813
1254    0.00042998285624927236
1255    0.00043477568891269727
1256    0.0005382083783599547
1257    0.0006904944321837474
1258    0.0006611306544267632
1259    0.0007071643930344115
1260    0.0007804746577234099
1261    0.0008449545492455418
1262    0.0007762489439731718
1263    0.0008737244930335723
1264    0.0006986599577395647
1265    0.00071152456747332
1266    0.0005864348846716774
1267    0.0007407749879850976
1268    0.0009021254161193141
1269    0.0008619108735146986
1270    0.0007166344992617969
1271    0.0008487998784744117
1272    0.0008305113723000891
1273    0.0008857009866731912
1274    0.000815311243794847
1275    0.0008537330011319213
1276    0.0008916371219828524
1277    0.0009299406178206841
1278    0.0009801648535407435
1279    0.0010631219531553352
1280    0.00136071931379218
1281    0.001064011609213438
1282    0.0009821104047400258
1283    0.0009334696226240278
1284    0.0008987024339194905
1285    0.0008745971392755054
1286    0.0008868741747849679
1287    0.0009118602517775543
1288    0.0007390824948454184
1289    0.0008992887457484671
1290    0.0007766317917756633
1291    0.0007202655486301884
1292    0.000860129249424642
1293    0.0008699719569384345
1294    0.0007189517192303173
1295    0.0007139843280728675
1296    0.0005642195494152176
1297    0.0006744776118009013
1298    0.0006087411732232314
1299    0.0008097969634556057
1300    0.0008871306632125427
1301    0.0007983332549506004
1302    0.0008403432350785466
1303    0.0009470917402106174
1304    0.0007102830572342702
1305    0.0006697105066116645
1306    0.0005681227223086718
1307    0.0007324478587496965
1308    0.0007059737658120354
1309    0.0004960649245481597
1310    0.0005617143644923505
1311    0.00038258021260997464
1312    0.00036551374592575165
1313    0.00044534657415834934
1314    0.0006715046597167513
1315    0.0004973031248360097
1316    0.000537035530669777
1317    0.0005394012547051306
1318    0.0005163427516474252
1319    0.0006723300697042726
1320    0.0004354710153063862
1321    0.0004110227266500683
1322    0.000517431581144607
1323    0.0006670030150736423
1324    0.0006056318567846106
1325    0.0007275533465349658
1326    0.0007671963008456401
1327    0.0007459908430475228
1328    0.0006781294489607188
1329    0.000770443374558789
1330    0.0008341382921620777
1331    0.0009977783663652129
1332    0.0008752465165691219
1333    0.0008099777810884927
1334    0.0007367952132696449
1335    0.0008502373217793055
1336    0.0007742634987153577
1337    0.0007071974998443233
1338    0.0005897580791436885
1339    0.0006494913716472301
1340    0.0006350899937030943
1341    0.0006817078317441868
1342    0.0008455094838387912
1343    0.000794801800408736
1344    0.00096306583529903
1345    0.0008253733860812667
1346    0.0008504932646578287
1347    0.0006897877006541158
1348    0.0006524142846421283
1349    0.0008278483344446015
1350    0.0009424150464214219
1351    0.0008361683783830056
1352    0.0007593508878931457
1353    0.0009316051924794446
1354    0.0008264185167008726
1355    0.0008957664121366138
1356    0.0008156677113385653
1357    0.0009379797174123409
1358    0.0009508124085870675
1359    0.0009519108241357447
1360    0.0009664559216937781
1361    0.0009898043062126671
1362    0.001021881985805759
1363    0.0010674456609686975
1364    0.0011422468971100275
1365    0.001349426544587072
1366    0.0009592219850055284
1367    0.0008664717808992065
1368    0.0008152338117537534
1369    0.0007798881577042034
1370    0.000753146293938725
1371    0.0007323501449518132
1372    0.0007192632929698579
1373    0.000729212377904441
1374    0.0007554140887644937
1375    0.0006241041518229686
1376    0.0006853620406167355
1377    0.0006059734480145886
1378    0.0007362579572590442
1379    0.0005732899541640543
1380    0.0005899935672282559
1381    0.0007404252948396906
1382    0.0007187396771501357
1383    0.0005229108116381418
1384    0.0004503342742194807
1385    0.0005752025802071303
1386    0.0005502531389849133
1387    0.0007406256865760707
1388    0.0006240707621267833
1389    0.0006863898885074618
1390    0.0005305775838931357
1391    0.00048252748417021993
1392    0.0005716216485093683
1393    0.0003884905201777335
1394    0.00034742341498907254
1395    0.0005461947767130695
1396    0.0005038547835701356
1397    0.0005405480603425238
1398    0.00043506549157557966
1399    0.0006403201128736095
1400    0.0006788693804541091
1401    0.0007914688784159414
1402    0.000648609697545024
1403    0.0005340874220287361
1404    0.0007067049373281353
1405    0.0006038757622630726
1406    0.000648907183940966
1407    0.0006742419653418684
1408    0.0006445483866661025
1409    0.0004514106470394685
1410    0.000417041604326743
1411    0.00037062591365997225
1412    0.0004747377144291551
1413    0.00030811293261146097
1414    0.00044319074485295746
1415    0.0005701859360312545
1416    0.00041451110088578747
1417    0.00043274317116583815
1418    0.00023378201469396212
1419    0.0002598210386150251
1420    0.00023262383218861026
1421    0.0002890423299981295
1422    0.00017540535835412652
1423    0.00019731285063483877
1424    0.00023590474300596242
1425    0.00022117054440208033
1426    0.00023552926373093547
1427    0.00038798364507088755
1428    0.0005283192450155196
1429    0.000542766586417566
1430    0.0003163290905964345
1431    0.0005042450002270287
1432    0.00043047570391684147
1433    0.00042733479517000344
1434    0.00042884288301638226
1435    0.0004328457852150797
1436    0.00048678766749969405
1437    0.0004056352809658047
1438    0.000555494847287548
1439    0.00038878532103938144
1440    0.000257645712798924
1441    0.00023283226669546474
1442    0.00035926371991393464
1443    0.0003649061332306934
1444    0.0004702834892597798
1445    0.0004469690031292216
1446    0.0006617868186063732
1447    0.0006656243129382056
1448    0.0005032582347307174
1449    0.0006355047779675195
1450    0.0006742138883640911
1451    0.0008723911008803258
1452    0.0007833080656958384
1453    0.0007485489131512921
1454    0.0007005108808095656
1455    0.0006199716468183654
1456    0.0005645994116987464
1457    0.0007363671150308823
1458    0.0007435217130804673
1459    0.0007523306077344224
1460    0.000740264062618453
1461    0.0007904753909204911
1462    0.000858010974929496
1463    0.0010143358455827287
1464    0.0008037229418491206
1465    0.0007510677772464233
1466    0.0007429747896756905
1467    0.0006899198931850655
1468    0.0006503060747222542
1469    0.0005856856056053324
1470    0.0007165356993080237
1471    0.000679379613403016
1472    0.0007042534947732384
1473    0.0005489510820354546
1474    0.0006191448502713362
1475    0.00043068827742915423
1476    0.0003568000954664441
1477    0.00044071965777483753
1478    0.0005098796766132862
1479    0.0005230968574456956
1480    0.0005132994181967968
1481    0.0004683947202311182
1482    0.0004555025303241707
1483    0.0005813881048083186
1484    0.000601079154780239
1485    0.0007974374472610806
1486    0.0007364893434003673
1487    0.0007184566930722627
1488    0.0007478784045555143
1489    0.0008558674458095882
1490    0.0007972865117422663
1491    0.0007273436731977116
1492    0.0006275415049947871
1493    0.0007676470239775219
1494    0.0006075474967665835
1495    0.00045849249932360787
1496    0.0006036819852492977
1497    0.0005980010781594365
1498    0.0004790196053646547
1499    0.0006578802401423356
1500    0.0007313335894952771
1501    0.0007691136499238554
1502    0.0008862525725462872
1503    0.0007266091929306411
1504    0.0007621719318354893
1505    0.0005606402101241852
1506    0.0006503905428276775
1507    0.0006366741830325909
1508    0.0007602129933786029
1509    0.0008919203101195065
1510    0.0007574582599970995
1511    0.00059995486716856
1512    0.0006196391958382131
1513    0.0007856762748122914
1514    0.0008447626622689168
1515    0.0007030610932239763
1516    0.0007155728588543943
1517    0.0008678126319762316
1518    0.0007178868639765221
1519    0.0008061320407421819
1520    0.0007896914268589526
1521    0.0008207315953162044
1522    0.0007430031355420441
1523    0.0008769716160055921
1524    0.0008821114166612425
1525    0.0008575779861821894
1526    0.0008559499756276867
1527    0.0008655376428860038
1528    0.0008791396338033095
1529    0.0008952402387484861
1530    0.0009139725328174653
1531    0.0009360829963577563
1532    0.0009629427490075416
1533    0.000997093120272508
1534    0.00104395504760849
1535    0.0011186872982435051
1536    0.001244893305880217
1537    0.000777070734884915
1538    0.0006878909066858739
1539    0.0006379824664721012
1540    0.000603723932876737
1541    0.0005779542942518647
1542    0.0005576102188504543
1543    0.00054119123236959
1544    0.0005280352950263667
1545    0.0005182169230554048
1546    0.0005126929681329834
1547    0.0005108335755235592
1548    0.0004915298357899763
1549    0.0004076578600104067
1550    0.0004020627297330107
1551    0.0005266485938282453
1552    0.000354551603920259
1553    0.0005227802783761082
1554    0.0003643702287860551
1555    0.0004316269670017575
1556    0.0005065251404581874
1557    0.0003467860120862941
1558    0.0003817069320708226
1559    0.0005267478908021551
1560    0.0004884419993135244
1561    0.0003160318050989177
1562    0.00023278299912094392
1563    0.0003744188960806719
1564    0.0005349906396620831
1565    0.00043138187482866957
1566    0.00042502490526230194
1567    0.0002845039995458857
1568    0.00025122043366733216
1569    0.00025220016991099077
1570    0.00035592979641967446
1571    0.00034543287394471435
1572    0.000506251854656096
1573    0.0004156597123170033
1574    0.00048474738601969
1575    0.0004925294412894421
1576    0.0002448629647521022
1577    0.00022670342742749365
1578    0.00033444148215979857
1579    0.00015843661871542674
1580    0.00014396458117492834
1581    0.0003241944228730823
1582    0.0002992065528994571
1583    0.0003328988881045051
1584    0.00023848637769149222
1585    0.0004613508531957802
1586    0.00048772522373293956
1587    0.0005813711681567108
1588    0.00042041014643512094
1589    0.00035628718890210864
1590    0.0004605668335925959
1591    0.0004658677007330659
1592    0.00046262733720139714
1593    0.0003223307924729816
1594    0.00022547192673235523
1595    0.00020245078572302404
1596    0.0002501625284832053
1597    0.0002000907491382474
1598    0.00033864271339750313
1599    0.00022460785904328807
1600    7.755657018409249e-05
1601    7.995020474634213e-05
1602    0.00016124686336107527
1603    1.8725208725504526e-05
1604    6.490251319336778e-05
1605    0.00018616788424698775
1606    0.00036511533459203903
1607    0.00025268163310688906
1608    0.00031452456555131937
1609    0.0003050137342778293
1610    0.00031589598652755595
1611    0.00036059738056289526
1612    0.00018314414475153259
1613    0.0002027839507374006
1614    0.0003560941126866926
1615    0.000511362681654042
1616    0.0004463328479679491
1617    0.0006154699559658732
1618    0.0005260461754296514
1619    0.0005021108629382197
1620    0.000536673092438112
1621    0.0006521295935675805
1622    0.0004581578049879376
1623    0.00040223160379378463
1624    0.00048176090529138994
1625    0.0003032633376758621
1626    0.00037530047263394166
1627    0.00033493861763742526
1628    0.0005362368808245231
1629    0.0005901349946469368
1630    0.0004407681224533643
1631    0.00041809990967044087
1632    0.0005591785208012385
1633    0.0004558200114957017
1634    0.0004529254732198512
1635    0.00048518398325282934
1636    0.0005058372526957135
1637    0.0005317522385062874
1638    0.0005968526224683532
1639    0.0002016360726735451
1640    0.00018750803973803767
1641    0.0001776841890295998
1642    0.00017009679594759246
1643    0.00014309204220132947
1644    7.913318550253011e-05
1645    0.00024117255721961534
1646    6.968507941019884e-05
1647    0.0001592274942987478
1648    0.00028442590766378294
1649    0.00018611851747327946
1650    6.122802975393879e-06
1651    8.049923146831254e-05
1652    -5.3047547429260365e-06
1653    0.00018074896674853149
1654    0.0001458027622444213
1655    0.0001204566622310248
1656    0.00033701067865577855
1657    0.00025697775885821306
1658    0.0002245335294032642
1659    0.00011316704936833327
1660    0.00026259451173297945
1661    0.00013675780007023304
1662    0.0001535463588206221
1663    0.00013358428446833218
1664    -5.7129773272484945e-05
1665    -8.924703383406764e-05
1666    -7.831922079360083e-05
1667    -9.649204853286718e-05
1668    3.0627288833999066e-05
1669    -0.00011280744004894182
1670    1.9114576711197603e-05
1671    3.5694816473526335e-05
1672    7.265239908745696e-05
1673    -8.712027947674664e-05
1674    -5.548071463719616e-05
1675    -9.997805497896704e-05
1676    -0.00027653570612445124
1677    -0.00017665321524662728
1678    -0.00016589525365955194
1679    -5.059152069615167e-06
1680    -5.129099783962289e-05
1681    -0.00010212944546939183
1682    -0.00022536324075200147
1683    -5.723368621695892e-05
1684    -1.661833160873378e-05
1685    -5.476705795717541e-05
1686    -6.382725244088623e-05
1687    0.00010672660904949841
1688    0.00016764946943539842
1689    0.00010606005620540675
1690    0.0003069558283345999
1691    0.0002241727288816766
1692    0.00040263135296715163
1693    0.00031752931005457976
1694    0.00027216236324835506
1695    0.00023863188452049442
1696    0.00013146219298342709
1697    2.6828024542937135e-05
1698    4.461775360280521e-05
1699    0.00022582874997318926
1700    0.00028725707711444495
1701    4.95574758148337e-05
1702    0.0002839409973015899
1703    0.00018899949290986426
1704    0.000169785328268354
1705    0.0001712646008620975
1706    0.00017314970834650015
1707    0.00017509414986083434
1708    0.0001777342610239231
1709    0.00018321411512081453
1710    0.0002046750704334582
1711    0.0002456372965715715
1712    4.4476337972917284e-05
1713    0.00029581897254917964
1714    0.00014880341718009226
1715    1.713484105948207e-05
1716    0.0001077404960314202
1717    0.0002553063593467727
1718    0.00034748844475617933
1719    0.0003877443873811135
1720    0.00035889661950729414
1721    0.0001675810319703067
1722    0.0001656750778463077
1723    4.823944298745189e-05
1724    6.27943032734938e-05
1725    -8.5376886323279e-05
1726    2.7289298011270503e-05
1727    -6.604356793190854e-05
1728    -0.00018125577034169903
1729    -2.1242859329993378e-05
1730    0.00011227807983004811
1731    -5.092880517678516e-05
1732    -2.8127369753445117e-05
1733    -6.32092814936854e-06
1734    0.00014559352420195294
1735    0.00013823015007435386
1736    0.00020166325668283637
1737    8.402509918487851e-05
1738    0.00017927415064712172
1739    0.0001276975126219345
1740    0.00014624278464623816
1741    0.00038103024905257856
1742    0.0003900762749712291
1743    0.00040936417170925386
1744    0.0003082353332862878
1745    0.00044277549086657055
1746    0.0003292967637960832
1747    0.0003239847495358281
1748    0.00016587422938510465
1749    0.0002590806276193063
1750    0.0004245573977817751
1751    0.00027417320010103335
1752    0.0004130739346950138
1753    0.000418200449744606
1754    0.0004474242397369195
1755    0.0005341386977542083
1756    0.0007005499134815959
1757    0.00061724339903256
1758    0.0005706777092492104
1759    0.0005334627886832825
1760    0.0006478786195770697
1761    0.0004625639970600964
1762    0.0005137010835976288
1763    0.0005719911333131008
1764    0.0005892298672286506
1765    0.0005338913474504819
1766    0.00042211853680937167
1767    0.0002462761656558131
1768    0.0003977981379174674
1769    0.0003653324254038292
1770    0.0003861263592611927
1771    0.0002515138503596702
1772    0.00033496733610003916
1773    0.0004896426355223834
1774    0.0004735159195393458
1775    0.0006544347073173888
1776    0.0005800234813639942
1777    0.0006333958610715821
1778    0.0004261141460447375
1779    0.00041465751907756416
1780    0.0005135120030265766
1781    0.0006481460130755603
1782    0.0005920111519850068
1783    0.00048446582019294145
1784    0.0006680924339842577
1785    0.0005245712193405219
1786    0.0005847085768829518
1787    0.0006394401513341157
1788    0.0006679642479647881
1789    0.0007016059641205814
1790    0.0007497355495543379
1791    0.0008317464239149821
1792    0.001129067297968254
1793    0.0008326360799730849
1794    0.0007516811007536202
1795    0.0007051349689239251
1796    0.0006750295599014261
1797    0.0006603042894776995
1798    0.0006562715078730725
1799    0.000550730484444885
1800    0.000576663556529587
1801    0.0005349546874669969
1802    0.0006520084444988732
1803    0.0005065006881910499
1804    0.00047151583633190465
1805    0.0005438544880309011
1806    0.0005586309806033774
1807    0.0006358556216711298
1808    0.00044558307303964713
1809    0.0004551878260847178
1810    0.0003060081487894053
1811    0.00045448504973244724
1812    0.0004416233415891719
1813    0.00034268271227585903
1814    0.0005653389399129761
1815    0.0006219297334306993
1816    0.0005698728167917829
1817    0.0004812109833547804
1818    0.0005602584028687711
1819    0.000613577528569097
1820    0.0007040184618487492
1821    0.00048434425099488346
1822    0.0004260675219226463
1823    0.0003664180684361205
1824    0.00040245076015800474
1825    0.000320886940326292
1826    0.000440804515668113
1827    0.00038853363043710946
1828    0.00043417288828723855
1829    0.0002018981417883559
1830    0.00019891249261998445
1831    0.0002996659806769464
1832    0.00021038484803601905
1833    6.631603226175438e-05
1834    0.00014601647977663124
1835    5.25141542504254e-05
1836    5.343930769974683e-05
1837    0.00017888620795978964
1838    0.00033978927157091263
1839    0.0003691193501395986
1840    0.000127720250320256
1841    0.0002850284391880592
1842    0.0002730664991466169
1843    0.00026475395696251184
1844    0.0002576248442739445
1845    0.00023683011490673066
1846    0.00025318391597745435
1847    0.00030452460611576606
1848    0.0004041156745156627
1849    0.00025858067355386276
1850    0.00010994541630688086
1851    4.000509277027938e-05
1852    0.00014840532596589192
1853    7.06939151799168e-05
1854    0.0002410771923225617
1855    0.00015094554310386918
1856    0.00021227356140524122
1857    0.00031480755339897894
1858    0.0003837073418193934
1859    0.0002265393455989002
1860    0.00033493414381976627
1861    0.0003626511345631192
1862    0.0006019891910756408
1863    0.0005373012359443283
1864    0.000512078479493582
1865    0.0006008301704454492
1866    0.0005378834139854593
1867    0.00039182041554969413
1868    0.0003423698435736985
1869    0.0004317536152959892
1870    0.0005550147010088134
1871    0.0005440778211695809
1872    0.000428632795343326
1873    0.0005404435633033629
1874    0.0005811344623909258
1875    0.0006033622789475848
1876    0.0006560191661997236
1877    0.0008140995319697869
1878    0.0007774647491897359
1879    0.0006935313122156859
1880    0.0006460400123583147
1881    0.0006133573558793976
1882    0.0006754736998970208
1883    0.0005504058155635814
1884    0.00068239289074956
1885    0.0005516141644173555
1886    0.00046664437470633085
1887    0.0004455310170699462
1888    0.0006532312825418781
1889    0.0005894897064238635
1890    0.0006789812582208021
1891    0.0005491608802547846
1892    0.000511845608864194
1893    0.00047205044952083127
1894    0.0005149028657680654
1895    0.0003090716057089915
1896    0.0003455573919771388
1897    0.0002424018462189354
1898    0.00019735540916843183
1899    0.0003785619105505657
1900    0.0003018880895806276
1901    0.0003449907651505101
1902    0.00034296192555047895
1903    0.00034764355744263634
1904    0.0004550646023202018
1905    0.0002929948219451546
1906    0.00018593752417552173
1907    0.00019764311303109556
1908    0.00018707596926262877
1909    0.00039382110615148407
1910    0.0003019776667477567
1911    0.00035779025555129126
1912    0.0005709408368789754
1913    0.0005269444326496163
1914    0.00046319721398917983
1915    0.0003806562866545044
1916    0.000560646421831346
1917    0.00046900200552628927
1918    0.0005331031395161938
1919    0.0005961909656825401
1920    0.0008380418271546786
1921    0.0006894536766231035
1922    0.0006312508566832765
1923    0.000569437023513098
1924    0.0006643778301149762
1925    0.0004968411653139134
1926    0.0006257436884964805
1927    0.0006469174130215214
1928    0.0005814797177633678
1929    0.0004984201961816151
1930    0.0004502926142094041
1931    0.00035678625101274433
1932    0.000253967184587722
1933    0.000444000935554359
1934    0.00040062492434048873
1935    0.00037484563118024013
1936    0.0004486058483232414
1937    0.0002402378763361
1938    0.0002838658367689596
1939    0.0004305403816386088
1940    0.0004569932950416926
1941    0.000559198298322772
1942    0.00048822822206792183
1943    0.0005495323630241761
1944    0.000540035371407209
1945    0.0006029521022221662
1946    0.0007845035631588772
1947    0.0006857057548292869
1948    0.0006788411717480022
1949    0.0005237374178875449
1950    0.0006590019063068915
1951    0.0005753843709709436
1952    0.0005647479856027782
1953    0.0003775106982329007
1954    0.0004901614984640926
1955    0.00045496108216003895
1956    0.0004971992877958024
1957    0.0003089999685537714
1958    0.00044432885687056465
1959    0.0005323862052857331
1960    0.0005558754410063432
1961    0.0005642180000465546
1962    0.0005940284510937102
1963    0.000788108142869405
1964    0.0006829978159611131
1965    0.0005784001072145211
1966    0.0007256077412121593
1967    0.0006139084344064786
1968    0.0003996990940736203
1969    0.0004987789216664337
1970    0.0005142268497308771
1971    0.0003827954427298649
1972    0.0004941621301195175
1973    0.0005535576620442009
1974    0.0006047967428374512
1975    0.0008052289583763964
1976    0.0007128318909472547
1977    0.0007028175270165311
1978    0.0006460148163620871
1979    0.00046992588928380897
1980    0.0005268850059041085
1981    0.00040130332913199655
1982    0.000578605536936242
1983    0.0005616555378395456
1984    0.0007454302222297141
1985    0.0006650105281744152
1986    0.0007206246042492027
1987    0.0005122853155752133
1988    0.0005582388168830421
1989    0.0004667979307383398
1990    0.0006152951270125934
1991    0.0007350199215489677
1992    0.0006780133864341147
1993    0.0006933313799508851
1994    0.0005757811899184677
1995    0.0004792768087047741
1996    0.0006251496596264063
1997    0.0007965180100821228
1998    0.0007531939433621604
1999    0.0005752754691228413
2000    0.0005146372401012209
2001    0.0006427029747958801
2002    0.0007348022077044434
2003    0.0006337381529930155
2004    0.0005620558851441423
2005    0.0007024804823304311
2006    0.0007627951320684371
2007    0.0006119508234590896
2008    0.0006562039383574235
2009    0.0007897756980633039
2010    0.0006381641894494388
2011    0.0006949368756375008
2012    0.0007813839199137885
2013    0.0006285736161133619
2014    0.0008086513406810137
2015    0.0006575850023925545
2016    0.0008029083528196138
2017    0.0006724289723893996
2018    0.0008296742450464858
2019    0.0006768181940615898
2020    0.0007997644969217325
2021    0.0008158227878329157
2022    0.0007069133067109157
2023    0.0007298428330160751
2024    0.0007999848812572999
2025    0.0008356440268604703
2026    0.000846210429010338
2027    0.0008511776294531568
2028    0.0008574337769236757
2029    0.000865818781928098
2030    0.0008759492506404951
2031    0.0008874855663248221
2032    0.0009002649156560961
2033    0.0009142507525724129
2034    0.000929489612308669
2035    0.0009460905606391855
2036    0.0009642201859356163
2037    0.00098410837479303
2038    0.0010060639409447793
2039    0.0010305025449599428
2040    0.0010579935086274766
2041    0.0010893394721939748
2042    0.0011257185833329344
2043    0.001168957302491125
2044    0.0012221089257028997
2045    0.0012908676067376681
2046    0.0013878630048010695
2047    0.0015519014125055354
