0    0.8284226948761666
1    -0.9239371111883131
2    0.23396155135813893
3    0.7074429815121759
4    -0.9496217321204437
5    0.48463110211933075
6    0.5806424636985791
7    -0.8993192956821887
8    0.7417431557585249
9    0.45638009111920674
10    -0.7731217449767066
11    0.995221772726319
12    0.3433223541422957
13    -0.5746775600952861
14    1.2350239126953386
15    0.24909894288038503
16    -0.31203976005422146
17    1.4505023887753048
18    0.17870485801359132
19    0.0014200810922965082
20    1.6295489094965476
21    0.13282598752611663
22    0.34621013517546356
23    1.7577330747380053
24    0.10638969183526775
25    0.696338168466678
26    1.8178039268484716
27    0.08779313898329748
28    1.0198118528152214
29    1.7900764928176998
30    0.059399503585689926
31    1.2805950502960814
32    1.6543218404769444
33    -6.18882795818247e-05
34    1.4425883365730596
35    1.393711568807771
36    -0.11071575925914193
37    1.4759468382140806
38    1.0010062594928302
39    -0.2844027910401424
40    1.3654204672039845
41    0.4864107437883228
42    -0.5161260281945839
43    1.1193475638060173
44    -0.11465910121539578
45    -0.7763149616207405
46    0.7765831760695411
47    -0.7370231920543232
48    -1.0074772401004863
49    0.4074329876256741
50    -1.2885292707890856
51    -1.1295139844505009
52    0.10438573376105584
53    -1.6640706979336128
54    -1.057079672443839
55    -0.03990076884112879
56    -1.7722057671965852
57    -0.7289516551649738
58    0.034462372478968994
59    -1.5704757343146265
60    -0.14326124651500438
61    0.319356322200119
62    -1.0982858524533126
63    0.614912703778869
64    0.7168015991595551
65    -0.4899487090566488
66    1.3720051618938485
67    1.0491436235833513
68    0.04988589411388707
69    1.9061032736958472
70    1.113444194771164
71    0.315619885068233
72    2.0295627989195126
73    0.7732492013594184
74    0.19933829126729177
75    1.6891285624224532
76    0.053299560708583146
77    -0.2247523237507468
78    1.0324445693790838
79    -0.8194178274656374
80    -0.6892602281389527
81    0.38302387924041853
82    -1.480462039519239
83    -0.8375361643905067
84    0.09770880413400687
85    -1.6041221167913142
86    -0.423786696837907
87    0.35260847688325825
88    -1.1168187972067414
89    0.4917080844886201
90    0.9818011346475534
91    -0.3067661228890916
92    1.5006277848149296
93    1.5130478687832425
94    0.29689127148880295
95    2.0530664880174965
96    1.4504965036450888
97    0.2684446022052844
98    1.8400652311839305
99    0.6634729967197683
100    -0.35306194948766306
101    1.0901457429711312
102    -0.4185944990878902
103    -0.9989704920415557
104    0.4830139740635953
105    -1.0520967096389124
106    -0.9665580401104837
107    0.6290181492879854
108    -0.783208037994799
109    -0.048225369713195104
110    1.4799201671718027
111    0.07220711068366326
112    1.1646633141913327
113    2.251970770423378
114    0.6097265977790021
115    1.725607647837465
116    2.102235223789723
117    0.18451048635582354
118    1.2642404006487058
119    1.030992483399811
120    -0.8331883758233972
121    0.4836633782235013
122    0.030093433725075076
123    -1.3084836725732503
124    0.5109309010450507
125    0.08848842640782562
126    -0.5692166982647104
127    1.592944153849509
128    0.9932041837605737
129    0.6873959871522529
130    2.641872126393744
131    1.4317235144419866
132    1.084988294022469
133    2.451634976312612
134    0.5823867230115093
135    0.3071504924146082
136    1.3121256084424535
137    -0.674015276058206
138    -0.3264028630564877
139    0.8025099932318631
140    -0.7668753620531994
141    0.4407923782667472
142    1.6552155887418178
143    0.3447015893837292
144    1.8993603556909988
145    2.5433874107150394
146    0.9260341875211096
147    2.2102598506178994
148    1.9114569306545612
149    0.0037303710066920307
150    1.195164057075706
151    0.47569504150366915
152    -0.949117203359786
153    0.8064543320340691
154    0.30010200672520115
155    -0.22549936089723946
156    2.0156301764568965
157    1.3997418484317274
158    1.1605957031852079
159    2.9821146341834
160    1.5125286939114955
161    1.0007176080732927
162    2.089707359353739
163    0.029410754662114114
164    -0.15449355152356567
165    0.9819463496578018
166    -0.6745725448368628
167    0.20927491260671868
168    1.712989183748536
169    0.45119050614415296
170    1.8095371738635726
171    2.7251215337841375
172    0.929392777169815
173    1.8598318391264104
174    1.6949191816113378
175    -0.46850043902723243
176    0.5892563584735255
177    0.3239986323024944
178    -1.0224021200485727
179    0.9884432340554027
180    1.0491535207363003
181    0.396838361076233
182    2.506904935249767
183    1.7772849121592011
184    0.706849948813427
185    1.9890164354165194
186    0.2684660179709696
187    -0.7228052563171724
188    0.6759193242902264
189    -0.6860589646629862
190    -0.42749264366407635
191    1.6275593375852884
192    0.5699101222059053
193    1.2359446574895798
194    2.5704582378229537
195    0.5735292621557465
196    0.7534993210512391
197    1.200054414427141
198    -0.9057400047961991
199    0.13710900895783373
200    1.2280428067968276
201    0.3724814328951067
202    2.8175784362665537
203    4.356234880785273
204    3.6188486023647366
205    3.7470980033567485
206    2.295095619533461
207    -0.23925374877362635
208    0.5938726510806327
209    -0.356637767980096
210    -1.4082080141769586
211    0.7430689827820718
212    0.34757331446772016
213    -0.08902003462930581
214    1.6279373810773807
215    -0.00187864889007371
216    -1.0841280373552873
217    -0.12868044961247319
218    -2.0142298989942584
219    -2.0220138639688514
220    -0.15169030804712552
221    -1.178624827536381
222    -0.2634561887078059
223    1.1373950476523973
224    -0.8691293519018463
225    -0.7276084105426015
226    -0.5266236391701694
227    -2.761293928782373
228    -1.7040073840645593
229    -0.7394706047559048
230    -1.7633906845705472
231    0.19859479212074718
232    0.5821408958905288
233    -1.2222931370774501
234    -0.2632700979720818
235    -1.1693671952929545
236    -2.8685262551190323
237    -1.0382267700692551
238    -1.0827699505804678
239    -1.3613460042409955
240    0.96190559977774
241    0.08820533838054423
242    -1.0058281071471336
243    0.05316931742200002
244    -1.7659712438845476
245    -2.1803880581920088
246    -0.13124985858953267
247    -0.8579909925936706
248    -0.043935992712791735
249    1.688047722991401
250    -0.2201445090061058
251    -0.3661977246930038
252    0.18458998364475704
253    -1.750796548007038
254    -0.5098952470365087
255    1.1455269946578668
256    0.24059954269566539
257    1.8505611729757814
258    2.196638070363211
259    0.03550262171433313
260    1.031268632627459
261    1.200778439554071
262    0.5302768890727266
263    3.5650135679029797
264    4.8985823896786895
265    5.292069433585728
266    5.856269840056814
267    3.3260940482690273
268    1.047506648706629
269    2.272041612201312
270    1.4568649423185211
271    1.4462596496045022
272    3.5618333770721473
273    2.0566195505698266
274    1.0937489799730504
275    1.7885814723676106
276    -0.24412413593485277
277    0.1234927508855035
278    2.1897872811358585
279    1.1817267961050832
280    1.8885390499373007
281    2.430480587776483
282    -0.23269973732693064
283    0.002870578068720086
284    0.7338834463655187
285    -0.39734206228851643
286    1.5702417690276718
287    2.2274813748565383
288    0.14119468860306134
289    0.6952798360069662
290    -0.09228251205160078
291    -1.6522360437829327
292    0.5791178061691757
293    0.9509514780132686
294    0.08488966187499139
295    1.4059733203716052
296    -0.27572899662482697
297    -1.8785223485845013
298    -0.11659215395086973
299    -0.5019013875637917
300    -0.13357212619875267
301    1.9449878477280769
302    0.2145684501850031
303    -0.6053573969577217
304    0.6603315391483263
305    -0.24787609978388989
306    1.5632241678207113
307    3.1539568881071838
308    0.9207104998377996
309    0.4590397291314128
310    0.2985342407300032
311    -1.9946001979304226
312    -0.6263427343044249
313    0.8939683504876498
314    -0.3072171018734148
315    0.6792451338827068
316    0.09476624985561191
317    -2.178109690904443
318    -0.500565471584546
319    0.3020554477767168
320    -0.17857258865374773
321    1.6851493990248385
322    0.5541233336157491
323    -1.3775039119270125
324    0.2369966613980525
325    0.12778059808951048
326    0.3722230855289018
327    2.5971171389514236
328    0.9636075459817585
329    -0.3622309331039223
330    0.8845364692331553
331    -0.030668498022175715
332    0.9383411601517635
333    3.0087866233373712
334    0.9931225143353808
335    0.3554356190915775
336    0.9706612518958295
337    -0.4435119855789076
338    1.2013155675699365
339    2.704747728099321
340    0.5158828205368334
341    0.4912774344968368
342    0.32384272778231243
343    -1.1474329697462384
344    1.0647520875940346
345    1.7622084139480407
346    -0.3221323876724198
347    0.09316444226466418
348    -0.8259025300375392
349    -1.856843643102823
350    0.7451666816525717
351    0.580010785801085
352    -1.1166206580965972
353    -0.47571098548715124
354    -1.9160325599092434
355    -2.066435952053356
356    0.6534560819663006
357    -0.3018917591896906
358    -1.4055814692235091
359    -0.7495668112595492
360    -2.335693155483213
361    -1.3656605248586142
362    1.0707665208418906
363    -0.550923638624857
364    -0.9878069035412657
365    -0.4824265769138709
366    -1.8087491735074832
367    0.18592206496064134
368    1.8115881175859732
369    -0.3287402001906669
370    -0.12734633002919823
371    0.14606023543497332
372    -0.6298529920596795
373    1.90181854148469
374    2.18320130199438
375    -0.2171418792421485
376    0.5979938840176056
377    0.6449809454552708
378    0.46198559262475625
379    2.7624647120870254
380    1.442333326750929
381    -0.6861908714415432
382    0.7858002134158658
383    0.6011426146038725
384    0.7582102729415565
385    2.115985624682003
386    -0.43572639503829613
387    -1.4677428910021733
388    0.6090819419768411
389    0.0030221371001793664
390    0.1160094681289141
391    0.35889802806112114
392    -2.331308563363199
393    -1.562160636872094
394    0.5916405684883097
395    -0.8081049243067171
396    -0.8158138541298546
397    -1.0600885589564257
398    -2.6406587122478484
399    -0.27240825738778235
400    0.8420472256458527
401    -1.4114786556400414
402    -0.9211023094960279
403    -0.7451773632333282
404    -0.9490690036466316
405    1.5883642616729867
406    0.7682622421243765
407    -1.404463563868034
408    0.4411263611106948
409    0.9547718758453818
410    0.9265423392000269
411    2.1628930078328574
412    0.02715353252161334
413    -0.5336439683542955
414    2.2945067059855653
415    1.6176469773448658
416    0.6643831098426356
417    0.9930124358283278
418    -0.6400755676475065
419    0.5866116312045809
420    2.3227884569110406
421    -0.43073606263559566
422    -1.0881242845224102
423    0.03671994609836155
424    -0.704599463826804
425    0.4377863410698698
426    -0.03071115238149238
427    -2.7750096916960096
428    -1.0251590341748262
429    0.4609095085834544
430    -1.1227724595732673
431    -0.7569441915449883
432    -1.3309085417799287
433    -1.7239729326550943
434    1.148542322174931
435    0.48041982597853944
436    -1.7015264182809915
437    0.11986140583443274
438    0.6936825922842985
439    0.745467535682352
440    1.818312134026837
441    -0.22738750189559348
442    -0.15858588087405617
443    2.8442455114879786
444    1.5678004756492094
445    0.25369916952224936
446    1.110200819079838
447    0.3764249334793078
448    1.5179650774901565
449    2.0123920832621236
450    -1.1258863185657606
451    -0.49749363011330733
452    1.5523260977908149
453    -0.0790649371144499
454    -0.37689973240959507
455    -0.5928375809252958
456    -1.4442551933746826
457    0.91400818184935
458    0.6410020314676178
459    -2.0454471118928756
460    -0.1184959716327319
461    1.2986263871271067
462    0.4756692731040313
463    1.3166292770567314
464    0.631194871813324
465    1.0943323019914104
466    4.2752093234501745
467    3.1166235950066663
468    1.8415975778639868
469    4.789908435873882
470    5.607324975977704
471    4.3756369626959195
472    4.086129637459935
473    1.959124752474765
474    2.7394749855032354
475    4.111901942462318
476    0.7749590524458333
477    0.04063320216672345
478    1.9172655177013513
479    0.708251198910898
480    0.2583440824442095
481    -0.16319590457231153
482    -1.383348361999484
483    0.836237189401488
484    0.8756051201810156
485    -2.0415888079904656
486    -0.2417247213069071
487    1.4573701969318238
488    0.0697932319949007
489    0.5481946050174755
490    0.46856850989725896
491    0.7557688417652848
492    2.9579734257020602
493    1.1729949333674123
494    -0.17526085833700372
495    2.9117150260608247
496    2.4699918667368674
497    0.46101045249213174
498    1.381369404456345
499    1.126693279131517
500    1.4068191739381093
501    1.7171303651945387
502    -0.754008465058254
503    0.36830863677017617
504    2.715249153417821
505    0.1395383733411984
506    -0.04745193009097442
507    2.5492528896898263
508    2.357462616011949
509    2.9504256457354683
510    3.7213726182914626
511    4.120160708946109
512    5.698501927860769
513    4.720602884656217
514    1.7254785738901541
515    3.8778958322684547
516    4.622028073946957
517    1.750638615802935
518    2.0714639022238956
519    2.446375506082886
520    1.6621481714514958
521    1.8142831035319218
522    -0.14565127481803788
523    -0.28992244934820904
524    1.8843953490892524
525    -0.6789474798139338
526    -2.0868489337615577
527    0.8867053486940315
528    0.120922697626127
529    -1.3389512418840621
530    0.07319550137666958
531    0.21187337738478904
532    0.8765562522408208
533    1.0514731445245786
534    -0.4295449031835309
535    1.751039766207388
536    2.6975036499139313
537    -0.5326079301687393
538    0.6730547965542767
539    2.5602564889505515
540    -0.1296360870781585
541    -0.49649671469806855
542    0.417652826436862
543    -0.4310301887603585
544    -0.3036617975530798
545    -1.3649200794437002
546    -1.5824648883689918
547    0.7415372884299427
548    -0.9219636309789375
549    -2.152653151275909
550    1.4005963566775517
551    0.9004040403659983
552    -1.1346805885174633
553    1.3146381823294715
554    1.7577067057166522
555    0.5280104063515346
556    0.993221534929803
557    0.5454013489525963
558    1.0193241414027028
559    0.86982499668614
560    -1.5504435434307018
561    -0.12865513228067815
562    0.9148385622093025
563    -2.4961449668075395
564    -1.468204235009114
565    0.96138705293283
566    -1.5223668217031032
567    -1.3216060892659491
568    0.9423774597700204
569    0.20945829200559657
570    0.3366133398911175
571    0.7701853941528862
572    0.8439660721869355
573    1.9179488255277939
574    0.3304117506880054
575    -0.3235010738480387
576    2.012308384264036
577    -0.22267395399310042
578    -2.1448712655609796
579    0.8588408604692899
580    -0.40197225073776716
581    -2.736151012969441
582    -0.08866158580326275
583    0.05733262687291089
584    -1.3708893801593167
585    0.12138949806887553
586    0.6166844615537588
587    0.7398728029530426
588    0.9732845813372145
589    0.2937583867266956
590    1.6670902680852047
591    1.3330068399823056
592    -1.1407905204381115
593    0.7777851865798692
594    0.9545211816620979
595    -2.550052331186277
596    -0.6514387976384255
597    0.6873198479968301
598    -2.464231583823814
599    -0.9576740752605359
600    1.120256969857422
601    -0.8183776806990042
602    0.008383118289073814
603    1.5332329825259285
604    0.7553215939363085
605    0.9093079945088031
606    0.7549339720156104
607    0.719644323030444
608    0.8208932714244274
609    -1.0623016452865763
610    -0.5535168970359529
611    0.4769381102864136
612    -2.260156415224463
613    -1.3215834361644834
614    1.1052368304398519
615    -1.6594531650528996
616    -0.7844694525535114
617    2.4234929147652204
618    -0.17551071390564965
619    -0.07588642878535565
620    2.753240143268895
621    0.3174132721109794
622    -0.47667761702471984
623    1.3480719867922384
624    -0.4867934733397064
625    -1.356759191786338
626    -0.35465693937317266
627    -0.9886630091359818
628    -0.9814063541306893
629    -0.6201049467865323
630    -0.17220444501078397
631    0.8117104124819864
632    0.1202657044239047
633    0.7299772184121984
634    2.1279664411157326
635    -0.01307575974309338
636    0.09008798369918637
637    1.7418624301093162
638    -1.3430803000726397
639    -1.4410836490206913
640    0.9631533169876697
641    -2.0151823588145366
642    -1.7646010581914664
643    1.5375342904084668
644    -0.9666232808804354
645    -0.6268832490542138
646    2.7384403533744845
647    0.19842502347302912
648    -0.07168622953566002
649    2.4812439944541476
650    -0.2745009438773399
651    -1.0476799738699805
652    0.8682485506131223
653    -1.3364996084583594
654    -1.7223279875952275
655    0.1794146766522498
656    -0.8666016686118928
657    -0.5947026671931263
658    1.0218534601881935
659    0.6040852331595307
660    0.7678339618823309
661    1.221281964205039
662    0.718585091672302
663    0.3627815740337486
664    -0.3133317406505224
665    -0.48374376794965884
666    -0.6471758868425895
667    -1.4913214883010641
668    -0.5168316208726165
669    0.006112802864937845
670    -0.7725608670819535
671    1.006803191246893
672    1.4330761655905981
673    -0.09094100121484021
674    1.550180393003366
675    1.123061187734993
676    -1.2752293746815113
677    0.4239936751130659
678    -0.26821625591466336
679    -2.465187446630651
680    0.21380832191543214
681    -0.07473631596114877
682    -1.6177322533287943
683    1.775767942043416
684    1.1500896552625839
685    -0.5856333756486979
686    2.4219829301108935
687    0.6254131512563196
688    -1.510594180942027
689    1.236554292183054
690    -1.0328228365071308
691    -2.4184159028674674
692    1.0199955963990421
693    -0.9295799837930508
694    -1.1666721945651712
695    2.543213692103544
696    0.13254017413143088
697    0.0304296736440541
698    2.7987581266630954
699    -0.7506853520347039
700    -0.8323155724008116
701    1.2938700503444922
702    -2.3518277656121565
703    -1.2013148952308985
704    1.195318584399341
705    -1.7927805220680813
706    0.5761444392001145
707    2.4528705788023286
708    -0.8123325252630808
709    1.5025568123578878
710    1.77286655251031
711    -1.9784117623337458
712    0.46571308463152394
713    -0.046477545314191446
714    -2.8205208468264655
715    0.7802848838737206
716    0.2235995647334312
717    -1.2806730508394935
718    2.60044711816619
719    0.8827616076896463
720    -0.4885316701423871
721    2.348758496321215
722    -0.796126293431845
723    -1.5562425781482772
724    0.9611229771683562
725    -1.9997469208341303
726    -0.8946973798417199
727    1.7216505952672736
728    -0.8093123533524752
729    1.1755645117386806
730    2.3459971804091806
731    -0.7515278291036077
732    0.9169415260170539
733    0.4447755841276141
734    -2.169836651515663
735    0.10090030272738663
736    -0.4134760327915775
737    -1.2198536026370272
738    1.546670040896912
739    0.752985086634931
740    0.5036022834212122
741    1.8745338233632134
742    0.04183188124332294
743    -0.345428159548058
744    -0.05785681612033721
745    -1.2124987403650003
746    -0.6131306308875276
747    0.02926990666538747
748    0.3769675889173207
749    0.9870758705264979
750    1.1469074500742193
751    1.3250732518530115
752    0.20004985877152087
753    -0.07087187388792647
754    -0.022603206049363292
755    -1.5799558633627664
756    -0.09410426422110964
757    0.4853785263962021
758    -0.5568150781958979
759    2.2288157246510867
760    1.2486652564665741
761    -0.1865583624173029
762    2.123470076516393
763    -1.0158555530890852
764    -1.2696507632116945
765    1.199552898554749
766    -1.8966545354814923
767    0.6018377968767248
768    2.383915823050795
769    -0.6183715845748335
770    2.480621664899413
771    1.3622953402237776
772    -1.4219191045977082
773    1.3254941840224208
774    -0.9821203013520019
775    -1.156796822406498
776    1.6686795518439252
777    0.04575847978060849
778    1.4161794962714895
779    2.2400489232721017
780    0.577194078132559
781    0.8289390400823574
782    0.07609877193972196
783    -0.27423448162796205
784    -0.38507735841188767
785    0.519365385811798
786    1.5298738336203566
787    0.7230229311755412
788    2.705425325682739
789    1.5501219527894252
790    -0.22798687528717118
791    2.00782033531627
792    -1.0011160480118166
793    -0.24340750569498779
794    2.5360779893159155
795    -0.33512313211931477
796    2.8778663551656294
797    3.0821147800727036
798    0.1524723628333848
799    2.788688190088291
800    0.4308944031192494
801    -0.22384372568797278
802    2.0093189097319133
803    0.9287913628342795
804    2.4115674006345773
805    3.1087109139387894
806    2.9304716235367207
807    2.2993974828730797
808    1.8558711740554468
809    2.2242763104960437
810    0.4207603564505338
811    2.9840991671175594
812    3.3739525638575003
813    2.316023587988891
814    6.079141626609697
815    3.1115535336381215
816    3.052136127368015
817    4.921846913938211
818    1.3939495291914155
819    3.969915020540304
820    4.160389693805352
821    3.0118664358531526
822    5.161167689231513
823    3.6970556706746267
824    3.0323828025760644
825    2.1158664576745467
826    2.0776988786366286
827    1.294742691118371
828    1.6152789187645498
829    4.025926509997542
830    1.5036871152859976
831    3.556993148163486
832    2.9224785437989054
833    -0.5265441063276143
834    2.5581527417430503
835    -0.031964402931567444
836    0.639551551529094
837    3.1813457922916655
838    1.3072708300761946
839    2.528505924604507
840    1.6365475990661138
841    0.7811498414483024
842    -0.2964483569329247
843    0.6924475774639882
844    1.0737822168350912
845    0.25913378911221996
846    3.6919095493242025
847    0.5633675151030111
848    0.8206937592045466
849    1.7198590025607399
850    -2.030059818826972
851    1.1620658896395668
852    0.6658235198196809
853    0.7838721938551687
854    2.2283506853742847
855    1.2468312401835573
856    0.4671598419231866
857    -0.6099663462767856
858    0.7709430187881315
859    -1.3320391722825582
860    1.478458760859406
861    2.132366627891503
862    -0.33349339223734226
863    2.717041000591854
864    -0.931384567497697
865    -0.718576385991868
866    0.4781155527977413
867    -0.32642304122989946
868    1.21878723328495
869    1.4574439929973877
870    1.562882008308533
871    -0.934627527327315
872    0.9674696311776844
873    -1.192276586554496
874    -0.7422764674251024
875    2.556131074792912
876    -0.4563287669989428
877    2.169053702848778
878    0.6034076464899927
879    -0.830394546498321
880    -0.34937832858061285
881    0.022705648415808584
882    0.441349042821677
883    0.7534157144726691
884    2.8472897761646463
885    -1.0775335487321842
886    1.006061231415073
887    -0.28045744937992395
888    -1.4394118917577825
889    2.1215330454314505
890    0.650962736558364
891    1.7309668530988576
892    1.0252256042835866
893    0.8722679521797069
894    -1.2229104419475199
895    1.2849567499466348
896    1.3296967250538445
897    0.9076468539333744
898    4.420906442027608
899    0.6062408890198968
900    2.163700135865157
901    1.151293421789097
902    0.706796624087129
903    1.2989391519031193
904    2.7326667059260785
905    1.6479223377310344
906    0.24962218580712683
907    1.8702333806060842
908    -2.241640320210387
909    1.246408970454717
910    0.921529328964443
911    0.8507333394503257
912    1.6130105560976542
913    0.5178286223008887
914    -0.8940222113788179
915    -0.7688617836145033
916    1.289758410194917
917    -1.0220100715338396
918    2.9872324563769928
919    0.03516165349302098
920    -0.490846681897515
921    -0.10803115376017063
922    -0.7688751149140644
923    -0.041357836740508566
924    1.4164876439628973
925    1.4907405439870383
926    -1.2319992266826465
927    1.3954598949103199
928    -2.3674745550623317
929    0.26652812955215016
930    1.0292061555314143
931    0.780519854597919
932    0.38240989021746097
933    0.46710361415105006
934    -1.34815511328818
935    -1.1469425283721244
936    1.90014188189373
937    -0.8738885071140368
938    2.199302353384342
939    -0.32520019588644583
940    -0.8670752638864085
941    -1.0898147045099749
942    0.9902665237749997
943    -0.5222997317577237
944    1.8501338500175928
945    0.6247328081133159
946    -1.8773011293536421
947    0.4445349797648393
948    -1.0068229230029164
949    0.692918469901815
950    1.0345334020727712
951    1.2750882704274413
952    -2.15269425264442
953    0.9849086030118923
954    -1.7398353492849283
955    0.7390845032587454
956    1.4782395376459199
957    0.37871086273592697
958    -0.8782412341563169
959    0.008490492705417891
960    -1.128441969669141
961    -0.02557654780163591
962    2.4505578419788816
963    -0.9373038195994412
964    0.6004947297303466
965    -1.1106575119118247
966    -0.5759649374005251
967    -0.2188516723083643
968    2.60490602570983
969    -1.3459017291077455
970    1.0869889595179625
971    -1.4231813529532011
972    -0.753952399280822
973    0.5666080947951297
974    1.718475676408508
975    -0.7554023164233907
976    0.6147037241267032
977    -1.122622386181862
978    -1.2423758995438696
979    1.731258646077879
980    0.45079435524176764
981    0.1502479640939704
982    -0.17942750552923706
983    -0.7822683010588138
984    -1.3935706195942694
985    2.5726397051678513
986    -0.5643104369257643
987    0.7794589707612769
988    -0.8277500049822213
989    -0.6653976774390337
990    -0.9480270189850534
991    2.788477415449389
992    -1.1256931086596076
993    0.949532699510429
994    -1.2063756522128277
995    -0.6545702696439023
996    -0.05886903075419841
997    2.417640287632732
998    -1.3500370174239795
999    0.768928773747571
1000    -1.3459740120147996
1001    -0.5040411946280163
1002    0.9247749130134345
1003    1.61389021745344
1004    -1.417889236052685
1005    0.45706200554519594
1006    -1.2599850068166407
1007    -0.07905523012777152
1008    1.6308696921758468
1009    0.5293210767530663
1010    -1.4011590563638785
1011    0.2468034625552372
1012    -0.9364841691470142
1013    0.5334967183734242
1014    1.7615079988377447
1015    -0.6525570397174948
1016    -1.2123303265172656
1017    0.31763677301017523
1018    -0.4490784612361295
1019    1.0506572148048865
1020    1.1923939250834172
1021    -1.6257042733570914
1022    -0.6796714793968609
1023    0.6863503386687193
1024    -0.05456563824272326
1025    1.1629585376739138
1026    0.10060686261717951
1027    -1.9599613491885852
1028    0.24486018601841938
1029    1.093794278668783
1030    -0.11742570419912281
1031    0.8188124097265789
1032    -0.9948398401840249
1033    -1.3229443918831618
1034    1.2347113694489673
1035    1.068278466106278
1036    -0.7841615860825878
1037    0.4329477429176365
1038    -1.4841429139082936
1039    0.11727134026527791
1040    1.5792986465063037
1041    0.32772441836746424
1042    -1.6131256155034066
1043    0.667446978144292
1044    -1.2256088458352463
1045    1.5013359080045132
1046    0.724824659697152
1047    -0.6973827753874725
1048    -1.692740914732024
1049    1.6586994323427933
1050    -0.896567082231183
1051    1.8353027189441644
1052    -0.8678361876005033
1053    -0.9718872603390676
1054    -0.5639314875854853
1055    2.387207613843089
1056    -1.3365805459149687
1057    1.121924295918748
1058    -1.671453972198958
1059    -0.07912554478728227
1060    0.8899165312515427
1061    1.4552484812801758
1062    -2.1154417172780255
1063    0.605759086551926
1064    -0.7268827235160628
1065    0.6847464059502099
1066    1.2485873461023451
1067    -0.864982366924383
1068    -1.4750943369168834
1069    1.016068243100887
1070    0.6385198025485537
1071    -0.26735271475729055
1072    0.7402166950803811
1073    -2.2363346253467102
1074    0.9357474560492567
1075    1.044613737024977
1076    0.28584929456439123
1077    -1.7249857370098507
1078    1.060927358773531
1079    -1.4472816137697249
1080    2.2596860919074007
1081    -0.314964180332335
1082    -1.1556518225565608
1083    -0.6269675206666574
1084    1.6944743463531902
1085    -0.521511755984998
1086    0.5666561799803778
1087    -0.7949968614060322
1088    -1.252694780852139
1089    2.163754523537516
1090    -0.011946922471155922
1091    -0.7458452173210132
1092    -0.7874481105213058
1093    0.9684559978574108
1094    -0.6522687164003327
1095    2.170244877621379
1096    -2.3178216925027013
1097    -0.2018645621780201
1098    0.9592832446022996
1099    0.766913133568159
1100    -0.9086406196970626
1101    0.05310534646049126
1102    -0.7347883497474765
1103    0.5171597410974842
1104    1.9393784911773357
1105    -2.4456331446199644
1106    0.29649154650649234
1107    0.21151858194533332
1108    0.9799840376220409
1109    -0.6688503167258054
1110    0.3802686960542071
1111    -1.8874642601864464
1112    1.8813472011487835
1113    0.8029595224381061
1114    -1.8072273931462617
1115    0.32231672198940114
1116    -0.07436574626590486
1117    0.9035288817516861
1118    -0.18789971177461542
1119    -0.06957690723748622
1120    -1.9544045928042757
1121    2.7160315111533007
1122    -0.40343007032346617
1123    -1.0352547656987925
1124    0.1981134860185482
1125    -0.18814248613238121
1126    1.0054144879021416
1127    -0.07378676908590809
1128    -0.7252064701651592
1129    -1.2047944904831152
1130    2.8911560011586883
1131    -1.3911157000693422
1132    -0.35282910019413116
1133    0.06946286576791505
1134    -0.1642245348319745
1135    1.2773354994244401
1136    -0.6238917583803434
1137    -0.9326234112992994
1138    -0.11586139840287125
1139    2.4301824134622616
1140    -2.0781082360649283
1141    0.21289081208066685
1142    0.08823574291956074
1143    -0.0582528126607682
1144    1.3856635211888026
1145    -1.611616123975054
1146    -0.28310112107504365
1147    0.7961791614171104
1148    1.3062651847139644
1149    -2.2632697707637326
1150    0.7055320487502549
1151    0.37022590091900265
1152    -0.2069744699815474
1153    1.1240333861653808
1154    -2.313004234847386
1155    1.0770234139550234
1156    0.989398540871981
1157    -0.3868590056272019
1158    -1.449189432812923
1159    1.0484080688915005
1160    0.6342754206951589
1161    -0.8822607747409359
1162    0.7878315760267044
1163    -1.9014240504070274
1164    2.0550757558475623
1165    0.26718149517283657
1166    -1.9359760900290088
1167    0.6922285212431948
1168    0.7132177655520575
1169    0.19411944034006606
1170    -1.302984930154223
1171    0.80089218864249
1172    -0.47385136651036674
1173    1.1776571441769814
1174    -0.4793267030739228
1175    -1.9918624554576894
1176    2.814158318045716
1177    -0.7436190263757426
1178    -0.879585233985499
1179    0.21034124188985004
1180    0.4137900349270018
1181    0.43740772227791136
1182    -0.7879911227782384
1183    0.006781233792939928
1184    -0.31448355176001486
1185    1.9279166077691166
1186    -1.7452507523985794
1187    -0.9166101325836122
1188    2.624223276620089
1189    -1.51169126084057
1190    0.07929332895124566
1191    -0.16325628374793244
1192    0.17338844030050235
1193    0.9022359243229133
1194    -1.1233516698888644
1195    -0.19522719851430345
1196    0.5625158528432695
1197    1.1680471885825863
1198    -2.12781587866575
1199    0.28497387375197414
1200    2.0243193870952525
1201    -2.0014988124769
1202    0.7381538618891493
1203    -0.34554585183074776
1204    0.15772710596782027
1205    1.1476062167021068
1206    -2.0433218260832624
1207    0.7463644112651966
1208    1.0756544613589052
1209    -0.650016760982053
1210    -1.0561944367316989
1211    0.950818979978503
1212    1.0492503429262423
1213    -2.004652319448983
1214    0.967470695511156
1215    0.10868112834241471
1216    -0.24811765603135114
1217    0.8467393725087532
1218    -2.0761227796154773
1219    1.8254937583557571
1220    0.5920697642337295
1221    -2.395868458983968
1222    1.4354273335970074
1223    0.5334842005114608
1224    -0.660478752556237
1225    -0.5350603156810959
1226    0.6345657735102459
1227    0.5725436230152867
1228    -1.0675698058527014
1229    0.44073744119417235
1230    -0.22369895746039617
1231    0.7364804251871694
1232    -0.1805939921487404
1233    -1.7734323995202583
1234    2.673209619456557
1235    -0.7295934882389734
1236    -2.0026934627576485
1237    2.4673569982746564
1238    -0.7116103988285347
1239    -0.6040801782863587
1240    0.4877089523438542
1241    -0.3121387688131346
1242    0.9054113778107598
1243    -0.9651306585522879
1244    -0.1913183026765018
1245    1.1228364853069213
1246    -0.3982716808159223
1247    -0.6903592532805266
1248    0.17747463166398725
1249    1.4116219324400332
1250    -1.431211541026492
1251    -0.6823492263401999
1252    2.487761894559032
1253    -1.7261718015555314
1254    -0.4828243964479169
1255    1.7048215800492394
1256    -1.2817132541927767
1257    0.6408678517011468
1258    -0.2984232659248522
1259    -0.45884791215468307
1260    1.7658989688885998
1261    -1.9182823227440626
1262    0.0944892617562005
1263    2.08446022576005
1264    -2.041521060113978
1265    0.015453227981501073
1266    1.5041621348130887
1267    -0.8295357341212818
1268    -0.5133425706387726
1269    0.5676891783659891
1270    0.6150492551164973
1271    -0.9658605862367148
1272    -0.05938089060401798
1273    1.1846816621246454
1274    -0.8949843420242216
1275    -0.053662812942900234
1276    0.5049610443310908
1277    -0.22900108454921606
1278    0.44098976114613536
1279    -0.9609470196779774
1280    0.7296872492465946
1281    1.005520843064303
1282    -2.339048196502056
1283    1.5345391426478219
1284    1.2446651388032641
1285    -2.9056482588115062
1286    1.8610527468787663
1287    0.991915142425776
1288    -2.431855262844769
1289    1.6502329103092406
1290    0.3412786871150401
1291    -1.1922370162929716
1292    1.0857917818263474
1293    -0.4544054975923896
1294    0.2670133299392979
1295    0.4624218777432261
1296    -1.1267081045916456
1297    1.4181346804421486
1298    0.038519921617380055
1299    -1.4985867762707785
1300    1.9533892865781426
1301    -0.05651790483604122
1302    -1.5225006518583013
1303    1.8426483039033383
1304    0.16173286775370452
1305    -1.258535749935725
1306    1.2722389206855016
1307    0.5756647884964818
1308    -0.8219186485284008
1309    0.5285986810624135
1310    1.032663014567027
1311    -0.3291278305363881
1312    -0.11240492468166866
1313    1.4053685385017243
1314    0.13986550756549784
1315    -0.45439076001547396
1316    1.629066151753715
1317    0.5593705989390206
1318    -0.39857140778049305
1319    1.7156858467837313
1320    0.9622211959690905
1321    0.08081060474659914
1322    1.7554465749413022
1323    1.4435665641862074
1324    0.9925823251012328
1325    1.9258893596457851
1326    2.1847906775628005
1327    2.418312491529589
1328    2.5429907432665577
1329    3.539605419574806
1330    4.679049977799654
1331    2.8847613753615544
1332    3.1598805011597246
1333    3.58795405671362
1334    0.9491014313121673
1335    1.9360466251281019
1336    2.9581550615569547
1337    -0.18851639228310987
1338    1.2833228067818483
1339    2.6314520159162864
1340    -0.870561769025008
1341    0.9250527444888719
1342    2.402500102508101
1343    -1.2589076395499321
1344    0.7236158965845433
1345    2.190212485211192
1346    -1.4433751745917132
1347    0.6019462346356486
1348    1.9708603924117714
1349    -1.4822591388730775
1350    0.5129079614019064
1351    1.747220131074712
1352    -1.4183473841900813
1353    0.42644237095157494
1354    1.5330103574752396
1355    -1.2855215348355447
1356    0.32373024832588954
1357    1.3446473473435816
1358    -1.1115763390898812
1359    0.19424018521846861
1360    1.1968105742076633
1361    -0.9194493870975547
1362    0.03400746197205071
1363    1.1000690360815495
1364    -0.7277237490901357
1365    -0.15553380195617367
1366    1.0596167080402776
1367    -0.5507479072884628
1368    -0.3684466146164726
1369    1.0745897484199414
1370    -0.3985283112719916
1371    -0.5950410294417967
1372    1.1377017633241926
1373    -0.2764998073201959
1374    -0.8225530405017798
1375    1.2351227972012608
1376    -0.1852903278752931
1377    -1.0358253131612212
1378    1.3466817631497354
1379    -0.12063566617962694
1380    -1.2180838901964246
1381    1.4466062394351762
1382    -0.07365055457820274
1383    -1.3519343085759652
1384    1.505123715137188
1385    -0.03170670087444253
1386    -1.4207215169579592
1387    1.491307409518843
1388    0.01981862034140479
1389    -1.410387706963149
1390    1.377504520599914
1391    0.0947171697336163
1392    -1.3118900158806963
1393    1.1454589242183895
1394    0.2020192044537545
1395    -1.1240727150095229
1396    0.7937524334198696
1397    0.34127713502297163
1398    -0.8566044060780829
1399    0.34539355109722153
1400    0.4979196864655573
1401    -0.5322057333354855
1402    -0.14665848448511457
1403    0.6402025968591892
1404    -0.1869942341531476
1405    -0.599276252349894
1406    0.7198950713326652
1407    0.13245248252518954
1408    -0.9079872382675814
1409    0.6790349844178035
1410    0.3764811475264414
1411    -0.9677483323587429
1412    0.4643486687062624
1413    0.504359884109343
1414    -0.7056261993792246
1415    0.04876069110907353
1416    0.4991254330155463
1417    -0.11987916456862163
1418    -0.5443356795543697
1419    0.3809258059923775
1420    0.6872043015723293
1421    -1.2230206227298983
1422    0.21219182775825765
1423    1.501454831257025
1424    -1.8275269475124811
1425    0.08760018967317641
1426    2.0330702440826243
1427    -2.161413723886772
1428    0.1052376210597807
1429    2.0054631366503872
1430    -2.0565311176571526
1431    0.32352005064548434
1432    1.2812581754048662
1433    -1.4578532605019563
1434    0.7194823332045518
1435    -0.022021516416667334
1436    -0.4927705036655912
1437    1.1725061553689895
1438    -1.4979323706160839
1439    0.5243178733352061
1440    1.4952616302725583
1441    -2.561820285739266
1442    1.190521164576904
1443    1.5145100802037483
1444    -2.7102576952277198
1445    1.2078508333149212
1446    1.171604696159556
1447    -1.831821133398865
1448    0.590252947427517
1449    0.5834131002257146
1450    -0.38033965092750655
1451    -0.2550800961633453
1452    0.0058858380446850465
1453    0.7749546806319186
1454    -0.6926743589681925
1455    -0.30760108898648814
1456    0.8474138191988508
1457    -0.2556579212122579
1458    -0.27898410493927955
1459    -0.2717482416582794
1460    0.9461898167305363
1461    -0.07980249302629464
1462    -1.7757234166493578
1463    2.153125194368591
1464    -0.01717386136194262
1465    -2.403087374384852
1466    2.424552321923241
1467    -0.2849702432959352
1468    -1.4313471176503019
1469    1.4301154093413873
1470    -0.7804395710812992
1471    0.5567702909867831
1472    -0.09081185665768253
1473    -1.177744678094218
1474    1.9712924835014871
1475    -0.8030990774547174
1476    -1.2286905266412067
1477    1.6066181967018835
1478    -0.01846211562079964
1479    -1.0036557360040512
1480    -0.047226099547104015
1481    1.4176066988086782
1482    -0.796646214451047
1483    -1.076770216217971
1484    1.7619182753000748
1485    -0.7776195373638307
1486    -0.11887630145540802
1487    0.26709264867805177
1488    -0.8113667515227374
1489    1.9303995331002453
1490    -1.6743788549366831
1491    -0.6898929068561049
1492    2.7132187698390977
1493    -1.8939847603136282
1494    -0.45168135845122753
1495    1.259137035325473
1496    -0.20696871987454393
1497    -0.28290808482209173
1498    -0.5555198892555059
1499    0.9728458838284232
1500    -0.13833647506031432
1501    -0.3094578041079975
1502    -0.3060038078546027
1503    0.21227385008850067
1504    1.5295082888563671
1505    -2.4912279125465706
1506    0.6540855532770339
1507    2.051140429550596
1508    -2.363052104226587
1509    0.7162845911668787
1510    0.21233597680822777
1511    0.016319222867615092
1512    0.43509906873964227
1513    -1.3557906310724364
1514    0.8999341614910402
1515    0.5848166418264842
1516    -0.44601295747414954
1517    -1.1968735404803852
1518    1.3281279635158056
1519    0.9789489190787536
1520    -2.524653294572949
1521    1.5163777828469271
1522    0.0812759812986852
1523    -0.32079526968964356
1524    0.6451813562183908
1525    -1.7628003007772128
1526    1.7995374048372368
1527    0.26312336933857206
1528    -1.4398481131443903
1529    0.1243674908657492
1530    1.244105926223676
1531    0.0327933887521408
1532    -1.7225716639712458
1533    1.5373668125574262
1534    -0.42001081233364296
1535    0.49503249399728577
1536    0.013614608021883716
1537    -1.7681714080786815
1538    2.695585489901228
1539    -0.5446975009755683
1540    -1.1933176509161152
1541    0.5818738207669397
1542    0.9789380877980698
1543    0.004053370641508227
1544    -0.825716411025373
1545    0.8958779563443883
1546    -0.39096430375875907
1547    2.091155621898202
1548    -1.160070896633328
1549    -0.6465307861955548
1550    3.160208195245611
1551    -0.3320048858635559
1552    0.7196593855140705
1553    0.9169799254165029
1554    2.619502147916104
1555    2.74149544977656
1556    2.5830864137669334
1557    0.7912321846774141
1558    1.2717935380994896
1559    3.531783977815315
1560    -1.7433508959686583
1561    0.8582212512654342
1562    1.0095809989222964
1563    0.5216578106831461
1564    0.7605155136571653
1565    -0.8042152042894054
1566    0.19760001395326157
1567    0.927565107280179
1568    1.541249945752774
1569    -2.564975279359986
1570    1.3250991394630434
1571    0.8436779809649771
1572    -0.2048299504834533
1573    0.7478248608168496
1574    -1.3906831088804554
1575    1.0722441593998484
1576    1.073031912082027
1577    0.3871757753764496
1578    -2.014362763835306
1579    2.0620183410838804
1580    0.4519604467270968
1581    0.12203828229504884
1582    0.7825102723477503
1583    -1.3046400555703368
1584    2.1519985535583817
1585    1.1757996244420004
1586    0.17204088500825987
1587    -0.8145388732845291
1588    2.8961308879349907
1589    0.6120138360034807
1590    1.8978019862766244
1591    1.2461084309826298
1592    0.3881533339339642
1593    4.387288514438521
1594    3.147036940131977
1595    2.8960661076786467
1596    3.4686456831505366
1597    6.019762214038411
1598    2.70119655507764
1599    4.477075059496208
1600    0.7353515063220962
1601    1.0715899664779187
1602    3.2525659378101666
1603    1.6564632969526483
1604    0.32951238298850244
1605    0.40372490122731974
1606    1.2544153103693667
1607    0.3190492872252181
1608    2.896433003635266
1609    -1.966952788518068
1610    0.46117501161485275
1611    0.9996142348401018
1612    1.2811333001364407
1613    -0.4427662984265487
1614    0.5860462361508983
1615    -1.2763525450812976
1616    1.2323235633870824
1617    1.8698460153547394
1618    -1.564899503115361
1619    0.09503579120328498
1620    -0.06473000687408408
1621    0.8879516912387543
1622    0.3797279022905402
1623    0.8044224306449668
1624    -2.771267149827288
1625    1.9817941223895783
1626    0.2599242996970964
1627    0.5150896371183488
1628    -0.6429906754314044
1629    -0.09161676231224183
1630    -1.0352648503487425
1631    2.5403045002657634
1632    -0.29994331524110934
1633    -1.1365260015653178
1634    0.1973760193717812
1635    -0.10181440616497639
1636    0.8181006127026309
1637    1.0258432075187314
1638    -1.0204168775438403
1639    -1.4231670418865445
1640    2.0111627561850316
1641    -0.41613754477279
1642    1.177968551797637
1643    -0.6887401439887411
1644    -0.6893957436198718
1645    -0.2493106133105922
1646    2.8599798396731426
1647    -1.3373220105041277
1648    0.9803611694389629
1649    -1.0134581026077787
1650    0.5766807515398127
1651    1.1531334699112121
1652    2.5272716717286574
1653    -1.6110582991984987
1654    1.9193124875438337
1655    0.6500096684605425
1656    3.057278656768533
1657    3.808615035720676
1658    4.374691814228371
1659    0.2306984122738882
1660    3.342632997147003
1661    1.0612738493899423
1662    2.1675293064655703
1663    1.1303478306780108
1664    -0.128258710188905
1665    -1.2515216324271823
1666    2.4155408211160996
1667    -0.01846971474819853
1668    1.1452019050739728
1669    -0.14628554877298228
1670    -0.9957108689174423
1671    -0.5050342179792091
1672    2.420211632213953
1673    -0.6399942712318762
1674    0.7834925899489499
1675    -0.8738505743493263
1676    -0.8780931348019434
1677    0.34022688129329426
1678    2.202685465869286
1679    -1.2585884172995783
1680    0.7494228025131991
1681    -1.403389604437664
1682    -0.2973518349272376
1683    0.8564954320420578
1684    1.7717752699512492
1685    -1.7167401435317209
1686    0.9041286230850213
1687    -1.8356155133352356
1688    0.4553150334899911
1689    1.016685946424819
1690    1.2591686624722143
1691    -1.8697796154891153
1692    1.015967117667413
1693    -2.131954338688691
1694    1.1381699067844748
1695    0.9933690205615634
1696    0.7030659602310325
1697    -1.6073779568906907
1698    0.8058240556237363
1699    -2.1251505875289682
1700    1.4984360053456056
1701    1.04870302564189
1702    0.04177823550307574
1703    -0.8543711064120048
1704    0.06213399884684765
1705    -1.6487201303548709
1706    1.3488212636961368
1707    1.3570524997889568
1708    -0.7149987357285582
1709    0.28726281389447705
1710    -1.1356505689968237
1711    -0.8084974707834862
1712    0.8065697476230155
1713    1.7290818245810642
1714    -1.2149313188149824
1715    1.3172680225898301
1716    -2.19512898031436
1717    -0.19511005996125072
1718    0.44609245308648404
1719    1.5210272656548838
1720    -0.7710039296452504
1721    1.4611810294585448
1722    -2.2560130471681648
1723    -0.5132179978908995
1724    0.8178177623901922
1725    0.2667813361356314
1726    0.8404217342899485
1727    0.5794889374293404
1728    -1.2398422382610483
1729    -1.4462060859237431
1730    1.3447191094432314
1731    -1.206097375340416
1732    2.3344125107765676
1733    0.007789353004451582
1734    -0.5380573456277489
1735    -1.289300424607966
1736    0.41938163662310807
1737    -1.2362205765249694
1738    1.916617402604819
1739    1.0006683296162433
1740    -1.094108363117238
1741    0.5868756524973686
1742    -1.737487274327012
1743    -0.3001135095290847
1744    0.4903871323854793
1745    1.7177857746511862
1746    -0.8998816150513252
1747    1.6358073735438814
1748    -1.9733553017206238
1749    -1.012847306586967
1750    0.7194826404158243
1751    -0.2764089198950556
1752    1.2859648101125498
1753    0.7745336406204235
1754    -0.13462027094839393
1755    -1.9392804054871164
1756    0.9192884245060342
1757    -1.948391555356629
1758    1.4268691810269927
1759    1.4013981519095198
1760    -0.38104700333197933
1761    0.5851093568214223
1762    -1.010266709394639
1763    -1.0498416313348176
1764    -0.7216158063013711
1765    1.8134387969001273
1766    -0.8112690884235483
1767    2.106195179265481
1768    -0.0978446391057634
1769    -1.757027110014044
1770    0.38272255037999425
1771    -1.4667544947250806
1772    0.4293840878742693
1773    0.8500058587588134
1774    1.493171549921378
1775    -0.8331592178331771
1776    0.8303914139333105
1777    -1.3311421245858057
1778    -1.8049467617561659
1779    1.594477681654568
1780    -1.1185644044509906
1781    1.7591329233360289
1782    0.9329905007865488
1783    -0.29615252944086956
1784    -0.6537852751628582
1785    -0.5880169676041636
1786    -0.9133785879511344
1787    -0.7485468365839367
1788    2.346171872256321
1789    -0.789326128978634
1790    1.6053266799257973
1791    0.4865241397955906
1792    -2.153031806366603
1793    0.44287219031447395
1794    -1.4226583458088433
1795    -0.028939630845471104
1796    0.7802100819038922
1797    1.3305964370796202
1798    0.11716933478159271
1799    0.34521419848973534
1800    0.16790217144494626
1801    -2.704431197474624
1802    0.9403345398637611
1803    -0.9755960832707347
1804    -0.17687187849215133
1805    2.553485834537939
1806    -0.579983149601213
1807    1.0118076631788708
1808    -0.15212911668857743
1809    -1.244490915462063
1810    -0.9584940425791486
1811    -0.32591082890777484
1812    0.19602507150901935
1813    -0.16218975107257136
1814    2.481219919002437
1815    -0.3889075217529678
1816    0.11334626089681218
1817    0.919191910945676
1818    -2.938956487686172
1819    0.4342853650075121
1820    -0.5046808833529902
1821    -0.9048743319051964
1822    2.0841555743070335
1823    0.27384398607261207
1824    0.7891987109836818
1825    0.41290819936819007
1826    -0.3989426986602137
1827    -1.2132709871953722
1828    -0.9668948968744846
1829    0.16783686097895836
1830    -1.3291935860933548
1831    1.7129257790043995
1832    1.0724359711427571
1833    -0.5331925644129522
1834    2.4313507590899004
1835    -1.4089704799650218
1836    -1.0114868174572915
1837    0.5450637394487726
1838    -2.5798687669994913
1839    0.4528554808144674
1840    0.6013718878110276
1841    -0.241496288788075
1842    1.8329572695691385
1843    0.602535371421091
1844    0.24067999839853135
1845    -0.20001806081644863
1846    -0.5422254589718549
1847    -1.1133865288512588
1848    -1.314486205439301
1849    0.5807876420043478
1850    -0.7833385891722922
1851    0.7151380625306765
1852    2.1581172015725847
1853    -0.8084794428616744
1854    1.6365037166461385
1855    0.43636171265792045
1856    -2.3002243055417337
1857    0.9477318475488955
1858    -1.6687867649197157
1859    -1.6735711903861559
1860    1.6252981810986233
1861    -1.1041421212355313
1862    0.8689159504537634
1863    2.159650657531711
1864    -0.5549972953928355
1865    1.2414350799017235
1866    0.31921338559465
1867    -1.4423926176803679
1868    -0.17063401448655288
1869    -1.1357535161537278
1870    -1.0891264611467495
1871    -0.09464932315761057
1872    0.07123510523335291
1873    0.639868375560513
1874    0.7405500511556625
1875    1.3422569622925014
1876    0.6118766386773615
1877    -0.04822596426263404
1878    0.6544252617864066
1879    -1.2771612380057218
1880    -1.1095370486720415
1881    0.054977338814702556
1882    -1.9874558174851726
1883    -0.05190366587388659
1884    0.9839141113610226
1885    -1.0062373769431738
1886    1.8781865085601746
1887    1.4309190233982376
1888    -0.7287971205970909
1889    2.1100698874203627
1890    -0.10688024496947028
1891    -1.7099204808108426
1892    1.1277365835220803
1893    -1.8538270004796318
1894    -1.8304649163712552
1895    1.1577314782072705
1896    -1.8466681586583493
1897    -0.1982661063203726
1898    2.2212617955260305
1899    -0.9936257366468033
1900    1.3678176885311961
1901    2.329963266084577
1902    -1.239613247918337
1903    1.3156868049693993
1904    0.8522898014784354
1905    -2.4376500544087616
1906    0.5776408995953795
1907    -0.5824114092390781
1908    -2.79954304867349
1909    0.8792051293773925
1910    -0.5933886376537405
1911    -1.6710161969515431
1912    2.192052660510537
1913    0.12018662108926631
1914    -0.3586841384627885
1915    2.9700468667390427
1916    -0.0046046501053836125
1917    -0.22357830443652507
1918    2.361473735996315
1919    -1.2534240305162165
1920    -0.9814112702693724
1921    1.217235917320475
1922    -2.4234048149143828
1923    -1.2801309766990627
1924    0.8770601991895497
1925    -2.433930248564516
1926    -0.44087118861995506
1927    1.5782439041995597
1928    -1.5408263635005695
1929    0.8502638365059628
1930    2.3529709498408344
1931    -0.8803689627602274
1932    1.4479090595834423
1933    2.227018825971296
1934    -1.1643309519850815
1935    0.9745877892569718
1936    1.213600641053548
1937    -2.029996580111632
1938    0.07169834096410269
1939    0.16399482804046128
1940    -2.537406562100913
1941    -0.35474263159540576
1942    -0.136090650485231
1943    -2.1011147768077416
1944    0.019683867737684907
1945    0.35609418682842015
1946    -0.9354305486242619
1947    0.7590586629486964
1948    1.0170483583971657
1949    0.24671105643409358
1950    1.1493702961665793
1951    1.1477936079031663
1952    0.8587989657704787
1953    0.8037362544613569
1954    0.49872803898655965
1955    0.8312124816355138
1956    -0.09314226817913249
1957    -0.6363366144666273
1958    0.5419009160465585
1959    -0.9861388320861433
1960    -1.7059753117610825
1961    0.4541832801702138
1962    -1.3511806536887037
1963    -2.2724733670401753
1964    0.7791378175700207
1965    -0.9969145253094638
1966    -2.2119341386102582
1967    1.372864254992932
1968    -0.12159324946256969
1969    -1.6785434111569324
1970    1.8760624228683505
1971    0.8343192070038123
1972    -0.9354326406356512
1973    1.9622832529237055
1974    1.4095254958396615
1975    -0.20147552501080143
1976    1.537022610031922
1977    1.3055938735818988
1978    0.39762291170625913
1979    0.7892484623171202
1980    0.4869409160033348
1981    0.7854616324012724
1982    0.08152873111961355
1983    -0.8024346180048874
1984    0.8800544804355906
1985    -0.26227731531054227
1986    -2.1015067758892982
1987    0.611455966884444
1988    -0.1630218888047306
1989    -2.883925002481385
1990    0.026775939133534495
1991    0.13997606557935113
1992    -2.79102804438561
1993    -0.6043351578670186
1994    0.23212702946316577
1995    -1.864473052662137
1996    -0.8303687633546187
1997    -0.1546251162486469
1998    -0.6110835331316747
1999    -0.2853424246300139
2000    -0.8495494063436817
2001    0.2522744938469771
2002    0.9441164608362117
2003    -1.2713039804989255
2004    0.31796575764799856
2005    2.190482286854401
2006    -0.8953621789722807
2007    -0.10278066695569066
2008    2.606272521363645
2009    0.14665753759333996
2010    -0.16120497848439003
2011    1.9305996815015494
2012    0.9750163510252107
2013    0.6993717890206133
2014    0.8989744878762633
2015    0.7316504403379226
2016    1.9908654744448468
2017    0.6258991559786145
2018    -0.3859287406277403
2019    2.505744487130303
2020    1.3247576974680653
2021    -1.1039062172753102
2022    1.7161940728916305
2023    1.8521688100147065
2024    -0.5089547333300447
2025    0.6646336215321991
2026    1.0459050448938698
2027    0.6106853670530836
2028    0.8148608254864499
2029    -0.5267944430892297
2030    0.619640601832077
2031    1.9361025809621626
2032    -1.0579819631729754
2033    -0.5450977614761136
2034    2.166047307335602
2035    -0.1570230877143445
2036    -0.9724424621230463
2037    0.8458491812023518
2038    0.26609713154961645
2039    0.2697241593442051
2040    -0.10620703291975693
2041    -0.9665948484800857
2042    1.2811517740222098
2043    0.725494917762603
2044    -1.9776612311584498
2045    0.44871990758131053
2046    1.484970834487512
2047    -0.9956447258567741
